app/alps_10.asc
ncols        244
nrows        97
xllcorner    9.271805555556
yllcorner    46.789305555556
cellsize     0.000277777778
NODATA_value -9999
[rows 42 to 83 of 97, columns 0 to 93 of 244]
1007 1007 1008 1010 1011 1010 1013 1015 1015 1015 1015 1012 1010 1008 1007 1005 1003 1001 1003 1003 1004 1000 1000 1000 997 994 991 988 986 983 980 985 994 997 1001 999 1000 999 998 997 994 991 986 980 974 969 964 959 954 950 945 940 935 930 924 920 918 916 913 911 909 907 905 903 901 897 892 887 882 873 862 857 853 850 845 842 840 840 840 839 838 836 832 828 826 823 821 802 786 770 754 739 731 719
991 994 1000 1002 1002 1002 1005 1005 1005 1005 1004 1002 1001 999 997 998 997 989 989 988 987 986 988 989 986 984 982 980 977 976 973 973 977 980 982 982 981 981 984 987 987 986 982 977 974 970 965 961 953 945 939 935 931 927 924 920 918 915 912 911 908 906 903 905 903 901 895 888 882 874 865 858 855 851 848 845 841 840 840 839 838 837 831 825 822 819 807 795 784 764 746 731 718 707
978 981 990 991 992 993 995 994 992 990 988 987 985 983 984 988 982 979 977 975 973 974 978 980 978 976 974 973 971 969 965 960 962 967 966 966 963 967 971 975 971 969 966 964 967 965 961 956 951 945 939 934 929 924 920 916 912 908 905 901 900 899 899 898 897 893 889 885 881 875 870 864 859 856 854 851 848 845 842 840 839 838 829 821 809 800 789 780 766 751 736 721 708 695
965 974 980 976 979 981 982 982 982 981 979 976 977 975 977 980 975 972 968 964 960 960 968 971 970 968 966 965 964 961 960 957 952 955 954 953 953 956 960 962 959 956 956 956 959 959 955 952 947 943 938 934 929 923 919 915 912 908 905 902 899 897 895 892 890 887 884 881 879 876 873 869 867 863 860 858 856 852 849 847 844 841 830 820 799 786 771 759 748 736 720 709 699 684
955 959 961 959 963 966 968 969 968 966 964 963 967 965 968 968 963 959 957 956 954 954 961 961 959 957 955 952 949 947 945 942 940 941 942 940 943 948 951 951 948 947 948 949 952 950 945 942 941 937 932 930 925 921 918 915 912 909 907 904 901 897 892 888 884 883 882 880 879 877 876 875 870 871 870 867 865 863 861 860 854 845 832 814 795 779 762 751 737 723 710 698 688 675
947 948 949 949 950 952 956 958 959 957 955 952 956 953 960 959 954 950 950 949 947 945 949 950 948 945 942 940 939 938 938 937 935 936 936 935 938 940 941 941 940 938 940 942 945 943 939 936 934 931 926 926 924 921 918 914 911 908 905 901 896 891 886 880 880 879 877 876 875 876 878 879 880 878 877 875 874 873 870 864 852 837 823 809 794 779 761 748 734 720 706 694 683 667
941 938 936 939 941 942 944 947 946 943 942 940 943 942 952 948 944 941 942 940 939 938 937 937 936 932 930 930 931 930 932 932 931 931 931 930 930 931 933 934 931 929 929 933 937 936 931 926 922 922 920 919 921 920 918 915 911 908 905 902 898 893 889 884 879 875 872 870 870 872 873 874 873 871 868 861 861 862 864 860 840 825 811 797 784 770 756 744 730 717 704 692 679 664
927 921 926 929 931 933 935 936 934 932 933 931 935 940 944 941 935 932 931 929 927 926 926 925 922 919 919 920 922 923 924 925 927 926 925 924 925 925 925 924 922 920 919 921 925 923 919 916 913 910 906 904 908 908 906 905 903 901 899 894 887 881 879 879 879 876 873 868 866 867 868 870 870 866 861 860 859 860 860 860 848 833 814 798 786 770 752 736 720 709 697 686 674 664
920 917 915 918 920 923 920 922 922 923 923 921 924 926 930 929 926 921 920 919 916 914 916 914 912 910 912 913 914 914 914 920 922 921 921 919 916 913 911 909 906 906 910 917 921 916 911 906 900 899 898 896 897 896 893 890 888 885 882 879 878 877 876 875 875 873 871 864 861 866 870 870 870 870 870 862 858 855 852 848 843 831 816 802 787 770 754 742 727 713 701 685 676 671
915 905 900 902 905 907 904 907 908 911 912 912 911 911 911 915 918 913 910 907 904 901 900 903 904 903 903 905 906 904 902 907 911 909 907 905 903 902 898 892 891 895 900 909 918 912 905 900 898 895 893 891 888 882 880 876 875 874 872 870 871 872 872 871 872 869 860 860 863 870 870 870 870 870 870 868 860 858 854 850 835 818 805 790 775 762 750 738 725 710 699 687 679 674
905 897 891 897 901 899 893 893 897 900 900 900 896 892 896 901 905 899 897 894 891 892 894 897 898 900 899 896 897 896 895 895 896 896 892 890 888 883 880 878 880 895 902 907 912 907 903 899 895 892 888 885 880 878 875 871 868 865 862 861 863 868 865 863 863 862 860 860 862 866 867 868 870 869 867 864 860 856 851 841 824 810 796 783 768 753 739 727 717 708 700 693 686 680
900 890 880 882 890 889 881 880 884 890 891 892 883 880 885 890 896 893 889 885 880 883 886 889 891 893 891 888 884 886 888 887 886 885 880 878 878 876 873 872 880 896 901 904 906 904 901 897 892 888 884 880 876 872 869 865 862 860 860 860 861 863 862 860 858 856 858 859 865 871 873 875 871 869 866 864 862 855 839 822 810 800 785 768 757 746 736 727 719 711 703 696 691 685
882 880 874 875 878 881 874 876 880 880 879 883 880 879 882 885 888 885 880 875 874 876 879 883 886 885 883 878 875 880 881 880 882 880 877 873 870 868 866 864 871 879 889 899 899 895 890 881 878 876 874 871 868 866 863 860 861 860 860 860 860 860 859 854 848 847 846 851 860 869 875 877 873 870 867 864 861 852 830 817 800 789 775 760 750 739 733 726 718 711 704 698 692 686
869 869 867 864 863 868 860 867 875 871 870 875 871 871 873 877 879 875 870 864 868 871 873 875 871 871 868 862 864 867 869 869 870 870 869 866 864 862 860 857 855 858 864 871 878 881 882 881 879 878 876 873 870 867 863 861 859 856 852 849 848 846 845 842 840 840 840 839 846 858 867 870 869 867 865 863 861 848 829 813 797 783 771 760 749 739 732 724 717 710 704 698 692 687
857 857 859 860 859 858 855 858 861 859 861 863 860 862 864 867 867 864 862 860 862 862 861 860 855 856 855 852 853 854 855 856 857 858 855 853 852 849 847 845 842 840 850 861 875 881 883 885 887 887 883 878 873 868 863 859 855 853 851 850 843 839 837 835 835 835 835 837 839 852 860 864 863 862 861 860 861 854 840 825 810 796 781 770 759 751 740 729 718 712 704 698 692 686
846 848 850 851 852 851 849 850 853 852 855 856 855 855 857 856 854 853 852 852 853 854 850 846 842 840 842 841 841 840 842 840 843 846 845 843 840 838 835 829 824 828 843 858 869 879 885 890 890 888 884 879 873 867 860 855 851 848 845 842 839 835 831 830 830 831 832 836 842 850 855 859 859 858 857 855 854 852 850 834 820 808 797 787 779 770 759 745 732 720 708 698 689 680
839 839 841 842 842 843 843 842 843 845 848 849 849 848 846 845 843 842 841 841 843 843 841 837 832 827 829 830 832 831 828 826 827 828 825 822 820 820 816 810 809 818 835 849 861 864 872 879 885 883 881 876 871 865 860 854 847 843 840 833 829 826 826 826 827 828 829 834 840 842 847 850 850 849 850 851 851 851 851 846 834 825 816 809 800 788 773 759 744 731 718 701 691 680
834 835 836 835 835 837 837 838 838 839 841 843 842 840 838 836 834 834 834 832 830 828 824 821 818 816 820 819 820 819 815 812 807 805 804 804 803 801 800 798 800 810 820 833 842 840 843 853 863 873 879 874 869 864 857 849 840 834 828 825 820 819 820 822 824 826 828 832 838 840 841 841 841 841 842 842 844 847 849 850 850 847 837 826 814 800 783 768 755 745 731 716 701 693
829 829 830 830 831 831 832 833 832 834 835 837 837 834 831 829 825 825 825 821 817 814 810 807 804 806 800 800 802 805 803 801 793 794 794 787 785 789 788 787 789 796 802 807 812 819 824 831 842 858 866 863 860 856 848 840 834 827 820 816 810 812 814 817 819 824 830 832 835 838 840 840 840 840 840 840 840 841 843 844 844 841 835 829 820 807 789 774 762 750 737 720 712 706
823 824 825 825 825 825 826 826 827 828 829 830 828 826 823 822 816 818 814 806 800 797 795 793 792 794 791 788 787 790 788 785 782 780 780 775 774 777 774 776 775 775 779 786 792 797 808 821 837 847 860 859 852 845 840 832 825 818 811 810 809 809 809 809 816 826 833 839 838 838 839 840 840 840 840 840 840 840 840 838 835 832 828 825 821 810 797 780 767 753 739 729 719 708
819 819 819 820 820 821 821 821 822 823 823 823 820 817 812 807 802 798 793 788 788 786 783 780 778 781 780 778 778 779 778 777 775 773 770 764 762 765 761 763 760 760 762 768 773 782 802 817 832 824 825 835 840 836 831 826 820 813 808 808 808 808 809 809 813 825 838 840 842 843 844 845 845 846 846 845 840 836 832 829 828 827 825 824 822 821 805 788 774 760 750 740 725 713
814 815 815 814 814 814 815 815 815 815 816 815 810 807 805 803 795 780 779 777 774 772 769 767 767 769 769 769 771 770 769 769 767 762 760 755 752 753 753 753 751 750 748 748 760 768 792 820 805 796 799 807 818 823 822 821 814 808 806 805 807 807 808 809 809 820 831 834 835 839 844 848 843 838 840 849 845 837 826 820 820 820 820 820 820 820 818 797 782 771 758 747 734 722
810 811 810 809 808 807 806 805 805 805 804 802 800 800 801 801 793 780 775 770 765 760 759 759 759 758 760 762 763 761 760 761 757 749 747 743 737 738 740 741 740 739 731 729 736 745 775 790 771 770 781 791 805 821 819 813 809 805 805 804 804 805 806 807 808 810 812 809 811 818 822 826 822 815 820 834 843 843 831 820 818 817 815 814 812 811 809 804 794 782 768 758 751 744
807 806 805 803 802 800 800 799 799 799 798 798 797 796 796 796 790 779 770 760 757 754 752 753 754 752 750 753 755 753 750 750 743 735 728 720 720 719 720 720 722 721 714 714 720 736 753 750 745 759 773 787 801 813 811 808 804 801 801 802 802 801 801 800 794 788 788 787 786 796 814 816 798 794 808 817 820 829 838 836 828 821 817 813 809 805 801 797 793 788 784 780 770 761
802 800 799 797 797 797 797 796 795 795 794 794 793 792 792 791 786 772 760 756 752 748 748 749 748 745 743 745 746 743 738 732 725 717 708 700 700 699 696 695 699 701 695 698 711 722 727 723 727 744 760 776 797 805 803 797 791 791 796 791 786 781 780 775 763 758 753 759 756 770 782 778 769 770 785 793 800 805 814 822 838 835 829 824 818 812 805 799 796 792 788 784 780 760
799 797 795 794 794 793 794 795 796 797 798 799 800 800 797 790 776 762 756 751 746 741 741 744 742 736 732 733 734 731 725 719 709 700 692 685 678 676 675 673 677 681 677 684 690 696 705 702 709 720 736 752 766 777 779 777 775 779 774 767 762 755 753 746 738 731 724 724 727 732 736 743 748 751 764 776 783 776 784 796 807 820 821 825 827 825 820 812 805 799 791 784 770 752
796 795 792 789 786 789 791 792 794 795 797 798 800 800 789 776 762 750 740 738 735 733 734 737 730 722 722 720 720 715 709 705 694 682 673 667 660 652 649 649 649 650 655 662 669 675 680 684 691 698 707 720 735 741 736 747 753 748 741 735 728 724 717 711 706 704 700 698 702 709 715 720 728 736 744 750 740 751 757 777 786 796 801 802 804 806 808 807 802 788 773 762 750 739
788 784 777 770 766 772 776 779 782 786 786 786 783 778 766 756 745 739 735 731 727 725 722 719 715 711 707 703 699 696 692 683 670 662 649 649 649 649 649 649 649 649 649 649 649 649 655 666 673 681 687 695 703 711 706 716 724 714 705 700 695 690 687 690 689 686 682 682 682 687 691 697 700 704 708 712 716 725 738 754 766 776 781 782 783 786 786 785 788 781 765 750 737 725
775 768 760 751 740 747 753 759 766 771 768 762 759 753 748 740 731 720 719 716 713 710 707 703 700 698 697 694 692 684 669 656 650 650 650 650 650 650 652 654 653 651 649 649 649 649 649 648 650 663 672 679 685 692 695 700 700 687 668 655 646 646 650 652 654 655 657 660 662 665 670 675 678 683 688 694 700 710 723 740 745 751 760 761 762 763 765 765 766 769 763 748 732 718
754 749 743 737 728 732 737 740 746 752 745 738 736 731 726 721 718 715 712 708 705 702 700 698 696 694 693 688 676 663 650 650 650 650 651 656 660 661 663 664 663 662 660 657 653 648 648 648 648 648 656 664 669 670 674 660 654 648 646 646 646 646 646 646 646 646 646 646 645 648 651 655 659 664 669 675 684 693 701 711 724 737 740 742 743 744 745 746 748 750 747 739 724 711
734 730 727 723 717 717 720 720 724 725 720 719 716 714 712 710 709 707 704 702 700 697 695 692 690 686 682 670 656 650 650 650 652 660 662 664 667 670 673 673 672 673 674 673 663 657 653 648 648 648 648 648 649 651 650 647 646 646 646 646 646 646 646 648 646 645 645 645 645 645 645 645 645 645 648 657 665 672 682 693 707 720 722 724 726 728 729 729 730 730 725 716 709 699
713 709 707 704 700 699 702 702 700 700 703 700 699 698 696 696 697 697 697 696 695 694 692 691 690 680 667 650 650 650 653 661 666 672 676 680 683 684 685 685 682 683 683 684 681 675 663 657 653 649 647 647 648 648 647 647 647 647 647 646 647 648 649 652 651 650 649 648 647 646 645 645 645 645 645 645 645 648 663 672 680 700 706 712 714 712 711 706 703 705 704 699 692 685
698 695 691 692 690 690 689 689 688 688 686 688 689 689 689 690 691 692 693 693 693 692 691 690 681 667 651 651 651 655 663 671 678 686 696 703 705 703 701 701 700 697 694 690 688 685 683 679 664 657 651 647 647 647 647 647 647 648 649 651 652 653 654 656 655 654 653 653 651 650 649 648 647 646 645 644 644 644 644 643 662 682 689 698 697 689 683 679 672 680 682 680 675 667
690 690 689 688 686 683 680 680 680 680 680 680 682 684 686 687 688 689 688 686 682 677 671 667 660 653 651 651 654 664 676 687 698 704 715 721 724 724 722 720 711 706 701 697 695 692 689 686 683 681 670 659 656 653 652 653 654 654 655 656 657 658 659 660 659 657 656 655 654 653 652 651 650 649 648 647 646 644 644 644 644 643 652 667 669 664 660 659 657 659 665 664 661 650
690 688 687 686 683 680 680 680 680 680 680 680 681 683 685 685 684 682 678 668 660 658 656 654 652 651 651 651 663 672 683 698 710 721 733 742 746 747 744 741 736 725 716 707 700 698 695 692 689 687 685 682 679 675 669 663 660 659 659 660 660 660 660 660 660 659 658 657 656 655 654 652 651 650 649 648 647 646 645 644 644 644 644 643 643 645 648 650 652 654 656 652 649 648
688 687 685 684 684 683 682 681 680 680 680 680 680 681 682 682 681 679 675 671 667 663 659 655 651 651 651 660 670 680 700 710 723 737 750 762 765 766 764 760 754 745 738 726 717 709 702 699 696 694 691 689 687 683 681 677 669 660 660 661 662 662 663 664 664 663 664 665 666 664 661 660 658 657 655 653 651 650 648 647 645 644 643 643 643 643 642 644 646 648 650 649 647 646
688 686 685 683 683 682 682 681 681 680 680 680 680 680 680 681 679 676 672 668 665 661 657 653 651 651 660 669 678 694 709 724 739 751 765 779 792 790 784 778 771 763 755 747 740 731 719 712 703 699 696 693 691 689 686 684 681 674 664 665 669 674 678 680 681 684 685 687 688 686 684 682 677 672 667 662 659 657 655 653 651 649 647 645 643 643 643 643 642 643 645 644 644 642
688 685 683 681 681 681 681 681 681 681 680 680 680 680 680 677 674 671 668 665 662 659 655 652 651 660 667 675 690 708 723 737 751 766 780 795 809 810 805 800 790 782 775 766 757 750 743 734 723 712 700 698 695 692 689 686 684 681 671 668 674 680 685 691 696 700 702 704 705 707 707 703 700 694 687 682 676 669 660 658 656 654 652 650 648 646 644 642 642 642 642 642 642 642
684 680 680 679 679 679 681 681 681 681 681 680 678 677 676 673 671 668 665 663 660 655 652 652 657 666 674 686 706 722 738 754 770 786 801 812 822 830 827 820 814 804 796 789 780 772 764 754 740 729 719 713 706 700 697 693 689 685 681 676 669 677 686 695 703 709 716 720 723 728 731 724 718 712 706 700 696 691 683 678 672 667 660 658 657 655 652 650 648 646 644 645 648 651
680 681 678 676 677 679 679 681 681 681 680 679 677 674 672 670 667 665 663 661 653 652 652 657 664 672 681 702 718 736 756 774 792 806 816 822 825 829 830 830 830 827 817 809 802 790 782 772 760 748 734 723 718 714 709 705 701 696 687 680 676 673 679 695 712 724 731 737 744 750 755 749 741 735 728 722 714 708 702 697 691 687 682 679 674 671 668 666 661 660 659 659 660 660
673 673 673 671 671 674 674 676 678 681 680 677 673 672 669 666 663 662 656 652 652 652 660 665 671 678 697 727 750 771 787 808 818 821 820 821 821 821 820 822 824 826 822 812 803 794 784 780 769 761 760 750 742 738 734 728 720 708 697 687 680 677 676 690 710 725 740 750 762 771 780 773 766 757 749 742 737 731 726 721 715 705 700 693 687 680 677 674 671 668 666 666 666 666
682 684 682 676 671 666 667 669 671 672 674 671 669 667 663 660 656 652 652 652 654 661 667 672 677 700 730 760 790 808 824 830 830 826 824 821 820 818 816 814 813 811 810 805 800 794 784 780 774 770 767 764 761 760 758 747 734 722 708 695 687 682 679 689 706 724 738 749 763 780 782 792 791 778 771 764 760 752 747 740 734 730 721 711 704 695 689 683 679 675 672 671 670 671
