app/alps_01.asc
ncols        706
nrows        462
xllcorner    9.215416666667
yllcorner    46.800972222223
cellsize     0.000277777778
NODATA_value -9999
[rows 418 to 455 of 462, columns 420 to 503 of 706]
780 780 780 780 780 780 780 780 780 779 777 776 775 774 774 774 773 773 772 772 772 771 771 770 768 766 765 765 765 763 761 747 730 710 693 679 668 680 681 680 673 654 627 616 618 625 646 663 673 659 646 633 619 615 609 607 607 607 613 638 690 720 722 723 725 726 728 729 730 732 733 736 738 739 739 737 734 732 730 727 725 722 720 721
780 780 780 780 780 780 780 780 780 780 779 777 776 775 775 774 774 774 773 773 772 772 772 771 770 770 770 770 768 764 761 754 739 726 715 704 700 712 709 697 680 667 652 627 615 615 615 628 657 644 630 618 612 607 607 607 611 620 634 674 716 721 723 725 727 728 730 732 733 735 737 742 749 753 748 740 738 735 733 730 727 725 723 724
782 781 780 780 780 780 780 780 780 779 778 778 777 775 775 774 774 774 774 773 772 772 772 771 770 770 770 770 770 765 761 760 754 747 740 733 731 735 727 716 698 679 671 654 628 618 615 611 614 620 617 609 607 607 607 616 628 642 651 700 720 725 727 729 732 733 735 738 740 741 740 745 751 760 758 740 738 736 733 731 730 726 726 728
783 782 781 781 781 781 781 780 780 780 779 779 779 775 775 774 774 774 774 773 772 772 772 771 770 770 770 770 770 766 761 760 760 760 740 740 740 740 720 720 711 700 685 674 656 620 620 610 610 611 608 607 607 607 621 640 656 661 669 700 720 729 731 734 737 738 740 740 742 743 740 746 751 758 740 740 738 736 734 731 732 731 730 732
784 783 782 782 781 781 781 780 780 780 780 780 779 778 775 775 774 774 775 775 772 772 772 770 770 770 770 770 770 767 761 760 760 759 740 740 740 737 720 720 720 700 700 680 660 620 620 609 608 607 607 607 613 635 652 669 683 683 688 700 720 734 735 739 741 741 744 745 744 746 746 744 751 754 740 740 738 736 735 735 730 733 734 736
784 783 782 782 781 781 781 780 780 780 780 780 779 779 775 777 777 774 775 775 772 773 773 770 770 770 770 770 770 768 760 760 758 756 740 740 740 730 720 718 703 695 682 674 660 620 618 608 608 607 617 624 638 664 675 689 700 710 710 712 728 739 740 744 745 744 746 747 742 748 748 744 758 748 740 740 739 735 737 736 734 737 738 740
783 784 783 783 782 782 782 781 780 780 780 780 780 780 775 777 777 774 776 775 772 773 773 770 770 770 770 770 770 769 760 760 754 752 740 740 733 723 713 700 691 677 664 651 630 611 608 608 617 637 652 658 675 688 700 714 723 731 740 741 742 744 746 748 748 747 749 749 745 750 750 744 757 743 740 740 739 735 738 738 737 740 745 751
784 785 784 783 783 783 781 782 782 780 781 780 780 780 779 778 778 778 778 776 772 773 774 770 770 770 770 770 770 770 760 759 750 749 740 734 719 708 697 687 676 652 635 617 608 608 608 623 652 677 684 689 700 713 726 734 741 743 746 747 745 749 750 750 754 753 750 752 753 747 753 754 756 740 740 740 739 737 740 744 746 750 755 763
787 786 786 785 784 784 784 783 783 782 782 782 781 781 779 776 779 778 778 778 776 775 774 770 770 770 770 770 770 770 760 754 746 746 740 728 710 699 679 668 649 628 610 608 608 609 628 646 681 696 706 711 717 735 744 748 750 750 752 753 752 754 755 754 758 756 752 756 755 750 755 756 758 740 740 740 740 745 750 754 757 762 771 784
787 787 786 786 785 785 785 784 784 783 783 783 782 782 782 781 781 779 779 778 776 775 774 770 770 770 770 770 770 768 758 746 743 743 740 721 699 679 662 646 624 608 608 608 608 626 656 672 696 712 728 735 746 755 759 759 759 759 759 759 760 761 761 761 762 762 759 758 758 754 758 757 754 749 748 748 752 757 763 768 772 778 789 800
788 788 787 787 786 786 785 785 785 784 784 783 783 782 782 782 781 781 780 779 777 776 775 770 770 770 760 754 750 744 740 731 722 727 720 700 678 659 642 622 609 608 608 609 624 640 664 682 703 722 740 751 761 765 767 766 768 767 766 768 768 767 768 769 768 769 767 766 765 763 762 760 759 760 760 765 770 776 780 786 792 798 806 816
789 788 788 787 787 786 786 785 785 784 784 783 783 782 782 781 781 780 779 778 776 775 774 770 770 767 748 736 725 718 716 715 706 699 687 677 658 636 619 609 609 608 614 626 635 650 671 686 707 727 760 765 772 774 775 774 776 776 774 776 776 774 776 776 775 777 777 778 778 777 777 780 781 781 784 789 791 798 805 812 818 820 824 828
790 789 788 788 788 787 787 785 786 785 784 784 784 782 783 782 781 780 779 778 776 775 774 770 770 760 740 723 711 700 698 698 687 679 665 654 635 618 609 609 609 614 630 640 649 662 680 691 711 733 768 782 789 792 790 792 791 792 789 789 790 791 790 790 789 790 793 795 797 798 798 798 797 803 807 811 816 825 833 841 830 831 835 837
792 791 791 790 790 789 788 788 787 787 786 785 785 784 783 783 782 782 781 780 778 775 773 770 766 753 733 716 700 692 684 679 667 654 641 633 618 609 609 609 618 638 648 658 672 681 692 698 715 738 768 790 805 810 810 811 809 810 811 810 810 812 816 814 801 803 808 815 818 820 822 822 826 830 836 838 840 842 845 848 843 849 855 857
775 780 781 779 780 782 781 781 781 782 782 782 782 782 781 781 781 781 781 778 774 771 766 756 744 734 716 697 687 677 667 657 638 620 621 618 611 609 609 620 634 654 680 694 705 714 720 733 747 762 776 793 820 832 832 832 832 831 830 829 830 831 832 827 822 815 820 828 837 843 847 851 856 860 860 860 852 848 852 855 859 864 870 869
747 749 750 754 756 757 756 759 762 770 781 781 781 782 781 781 781 780 777 775 772 762 746 733 720 709 696 684 672 660 648 636 622 620 618 613 609 609 611 631 648 669 691 710 737 749 759 767 775 784 794 810 841 851 858 858 857 857 854 854 852 850 849 845 840 830 831 836 843 850 855 861 861 860 860 858 856 855 858 862 866 872 877 880
720 723 726 730 733 735 733 733 736 744 754 766 769 767 766 763 761 759 757 756 749 749 736 718 703 691 681 669 656 644 631 620 620 619 616 612 610 610 624 641 660 677 689 706 730 763 791 800 815 829 842 848 856 871 885 890 893 900 895 884 878 873 868 861 855 849 847 851 856 861 871 877 874 872 869 864 862 860 861 862 865 865 866 867
697 697 704 708 711 711 711 710 714 714 713 715 720 727 724 712 714 728 722 722 720 726 716 707 696 683 671 659 646 634 622 620 619 617 614 611 610 610 630 647 665 681 700 715 741 780 813 841 846 852 861 871 880 882 884 887 889 891 893 896 898 897 888 879 874 866 861 865 873 882 896 900 897 892 887 882 876 874 876 878 880 881 883 886
676 678 681 684 688 690 690 689 691 691 691 690 693 691 689 687 690 694 697 693 695 696 693 685 674 663 653 642 631 620 619 618 617 615 613 611 610 612 628 644 663 680 698 730 757 785 816 834 839 847 856 865 873 880 882 884 886 888 890 892 894 896 898 900 900 880 880 891 895 900 905 911 911 907 903 899 893 890 893 897 897 897 896 898
657 658 661 663 666 666 667 667 670 668 666 664 663 660 660 660 667 671 672 670 672 676 671 662 652 643 634 623 620 619 618 616 615 613 612 610 610 620 638 651 666 681 695 712 732 755 777 800 818 832 846 865 887 900 900 898 898 898 898 899 899 899 899 899 900 900 899 904 909 914 918 920 920 921 918 913 908 910 909 910 910 912 913 915
635 637 641 641 642 644 647 645 646 644 642 642 639 637 635 639 639 640 643 645 646 644 643 638 629 620 620 620 619 617 616 614 612 610 610 610 616 634 652 669 682 693 709 729 745 761 777 791 812 838 853 868 880 900 906 911 905 900 899 899 899 899 899 899 904 910 914 918 922 926 929 933 935 940 940 928 923 926 923 923 927 930 934 936
627 627 626 623 620 623 622 622 622 622 620 619 619 619 618 618 618 618 618 617 617 618 617 617 616 615 614 613 612 611 611 610 611 611 611 617 636 658 664 677 698 714 729 744 758 773 786 803 824 845 865 878 891 905 920 926 919 916 913 909 907 906 903 904 914 923 931 934 933 933 932 932 931 931 931 933 935 936 937 939 940 940 940 940
618 614 614 614 613 613 613 613 613 613 612 612 612 612 612 612 612 611 611 611 611 611 611 611 611 611 611 611 611 611 611 611 611 611 615 636 672 703 704 702 699 726 740 756 770 786 805 821 832 846 868 888 908 924 940 941 936 929 925 922 920 922 917 915 917 925 932 938 928 920 920 917 915 914 912 908 906 904 905 909 912 914 912 909
614 614 614 614 614 614 613 613 613 613 613 612 612 613 614 614 613 611 611 611 611 611 611 611 611 611 611 611 611 611 611 611 615 616 633 661 700 718 733 730 728 743 759 772 788 803 823 837 850 868 882 899 923 941 954 953 947 938 936 935 936 940 940 930 922 927 931 932 921 918 915 903 900 900 892 890 886 882 882 887 889 890 887 886
614 614 614 615 615 615 615 614 614 615 615 616 617 617 618 618 616 616 615 615 614 614 612 611 611 611 611 611 611 611 617 622 625 629 654 684 703 733 754 760 757 759 778 787 800 816 835 854 874 890 904 920 940 956 964 963 958 951 948 947 947 947 946 940 931 931 935 934 920 919 917 900 900 900 880 880 863 860 862 862 862 864 866 866
615 615 615 616 616 616 616 615 616 617 618 619 620 620 620 620 620 620 619 619 620 620 620 620 617 614 615 620 625 632 638 642 646 648 676 706 726 750 770 788 789 785 797 802 810 832 852 870 889 907 924 936 954 965 971 969 965 963 961 957 956 955 953 940 938 938 938 937 920 919 918 907 902 900 885 880 860 858 856 855 855 854 854 855
615 616 616 616 616 616 616 617 618 618 619 621 622 624 625 625 625 625 624 624 625 626 625 627 625 623 627 635 643 649 657 664 671 676 686 707 731 756 782 804 820 824 832 841 840 855 873 891 907 921 935 953 967 977 979 976 974 973 973 973 973 973 970 967 965 961 954 946 940 932 923 914 907 899 893 888 882 877 866 859 858 856 851 851
616 617 617 617 617 617 617 618 620 622 623 625 627 629 630 630 630 630 630 631 631 632 633 633 636 638 645 652 658 666 675 683 694 702 708 713 728 746 764 782 800 816 840 865 875 886 900 912 923 937 950 965 981 989 989 985 979 980 981 980 980 980 980 980 980 976 968 960 951 942 929 919 914 910 907 904 901 893 880 875 870 864 860 861
617 618 618 619 619 619 619 626 638 636 637 636 636 636 635 635 635 636 636 637 637 637 638 642 649 654 660 668 676 684 692 701 710 719 727 735 745 756 769 781 798 814 836 861 881 904 917 932 945 953 960 976 997 1000 999 999 994 990 986 983 980 978 977 978 978 973 968 962 952 942 928 920 919 922 921 917 910 904 898 892 886 883 887 887
619 621 626 628 634 644 652 660 661 657 654 649 645 642 642 643 646 648 650 651 654 656 659 661 668 674 681 687 694 704 720 725 731 737 745 755 763 771 780 795 809 826 845 860 878 892 920 938 960 975 989 1000 1004 1003 1002 1001 1001 998 992 987 981 979 978 977 975 974 972 970 963 951 933 927 933 937 930 923 918 915 912 908 905 900 903 906
642 663 681 680 676 673 676 680 680 675 671 668 665 663 662 663 666 667 670 672 675 678 680 680 686 693 698 705 712 721 729 741 751 760 765 772 780 791 801 810 821 833 847 865 881 900 918 936 956 973 996 1008 1014 1011 1009 1006 1004 1001 997 989 983 980 979 979 980 982 981 980 973 960 940 935 928 933 929 920 920 920 919 918 919 920 922 923
650 662 680 696 704 706 705 701 700 696 693 689 686 685 687 689 689 692 694 696 698 701 704 708 712 718 722 729 734 742 752 765 787 791 791 796 803 814 822 833 844 854 863 873 883 898 916 938 953 968 988 1005 1011 1009 1007 1005 1004 1002 1000 998 997 994 993 991 997 997 989 981 969 953 933 919 913 916 918 918 919 920 926 934 941 944 943 942
640 654 665 680 692 704 717 730 723 720 717 713 710 709 708 710 712 715 716 718 720 724 727 732 737 742 744 750 756 764 777 800 820 821 821 823 834 842 849 855 862 875 886 895 908 922 933 946 960 981 1000 1003 1005 1004 1004 1003 1002 1001 1000 1000 1000 1000 1000 1000 997 985 974 965 952 935 919 912 902 903 908 914 921 933 942 950 957 961 961 960
617 618 619 630 651 669 686 706 730 742 740 736 730 730 732 734 734 737 740 740 741 745 750 754 760 769 778 778 779 790 811 821 819 817 826 832 839 851 862 875 885 893 903 916 928 938 945 953 962 975 985 994 1001 1002 1002 1001 1001 1001 1001 1000 1000 1000 1000 994 980 974 967 963 960 935 916 905 900 900 902 912 921 930 938 949 960 966 965 960
619 619 619 618 619 620 650 677 703 718 739 753 756 757 756 758 759 764 769 775 772 775 775 773 772 780 780 780 777 781 787 801 785 786 795 808 824 840 852 866 878 897 907 919 929 940 945 951 956 960 967 975 978 981 987 992 998 1001 1001 1000 1000 1000 997 987 980 980 980 980 967 943 920 908 900 900 900 907 916 924 933 944 956 960 957 954
620 620 620 620 619 619 622 649 685 707 720 733 748 761 772 780 780 780 780 777 770 766 758 753 747 749 763 756 754 765 774 769 766 770 777 788 804 824 842 855 872 881 889 896 905 916 930 943 948 954 959 963 961 962 970 976 984 994 999 998 997 991 986 980 980 980 980 979 967 951 928 914 905 904 908 912 917 923 934 941 946 948 945 943
628 625 622 620 620 619 620 633 640 668 701 714 730 745 758 769 768 762 760 756 751 746 741 731 720 715 723 731 741 762 758 750 739 755 767 776 800 821 833 839 848 858 867 877 887 897 915 929 940 942 944 944 940 940 954 964 971 978 980 978 978 977 978 979 980 980 980 980 970 959 940 926 918 917 920 930 938 939 938 937 937 937 936 935
634 630 628 625 622 622 621 622 630 639 669 700 709 715 719 726 730 739 737 733 728 725 718 707 695 684 675 686 694 700 713 705 702 718 744 765 775 783 795 811 829 838 849 857 869 886 902 913 922 933 942 940 940 948 956 961 964 967 968 964 962 960 963 971 980 980 980 977 971 965 956 940 935 941 947 952 958 961 963 956 939 935 931 927
