app/alps_08.asc
ncols        107
nrows        91
xllcorner    9.418750000000
yllcorner    46.260416666667
cellsize     0.000277777778
NODATA_value -9999
[rows 38 to 75 of 91, columns 0 to 86 of 107]
951 986 1015 1031 1046 1065 1085 1100 1113 1126 1140 1153 1166 1179 1193 1213 1243 1271 1295 1284 1263 1244 1225 1222 1207 1195 1184 1174 1163 1152 1143 1132 1121 1122 1177 1223 1261 1300 1333 1366 1400 1413 1413 1396 1388 1373 1371 1391 1400 1407 1414 1423 1431 1439 1449 1446 1444 1441 1439 1436 1434 1440 1467 1474 1478 1485 1494 1514 1545 1569 1602 1611 1619 1627 1636 1652 1671 1690 1713 1738 1761 1786 1816 1853 1840 1829 1815
973 1000 1016 1032 1048 1065 1082 1093 1103 1114 1131 1145 1159 1173 1190 1203 1234 1262 1247 1224 1200 1185 1172 1158 1143 1129 1116 1111 1100 1098 1098 1100 1100 1096 1099 1160 1213 1249 1293 1315 1329 1359 1358 1343 1329 1316 1309 1318 1328 1348 1360 1370 1382 1389 1389 1385 1395 1393 1390 1388 1386 1399 1414 1439 1456 1470 1486 1502 1516 1530 1554 1575 1595 1607 1621 1641 1660 1680 1700 1729 1760 1788 1814 1832 1817 1800 1787
975 1000 1016 1032 1046 1054 1062 1070 1079 1089 1094 1108 1131 1155 1179 1200 1221 1215 1195 1176 1156 1143 1124 1104 1096 1087 1079 1077 1080 1078 1077 1076 1075 1074 1093 1125 1175 1213 1243 1272 1286 1285 1284 1286 1279 1271 1264 1268 1277 1285 1291 1300 1311 1317 1319 1317 1315 1336 1361 1380 1400 1420 1442 1463 1482 1502 1516 1526 1540 1554 1568 1582 1595 1616 1631 1652 1673 1695 1717 1740 1762 1785 1805 1809 1793 1763 1749
976 999 1007 1015 1023 1032 1041 1050 1058 1066 1074 1081 1089 1098 1127 1170 1196 1171 1149 1128 1107 1095 1088 1078 1068 1058 1048 1045 1045 1045 1050 1050 1050 1050 1073 1109 1135 1168 1194 1216 1235 1231 1227 1222 1216 1208 1209 1217 1225 1235 1244 1253 1263 1272 1286 1305 1325 1355 1380 1404 1425 1448 1475 1500 1514 1530 1546 1561 1571 1587 1600 1617 1635 1653 1671 1690 1706 1718 1733 1752 1767 1782 1798 1781 1744 1714 1707
953 967 984 1000 1005 1012 1019 1027 1034 1044 1052 1061 1072 1084 1096 1115 1128 1118 1100 1091 1080 1069 1057 1046 1039 1026 1013 1015 1017 1018 1020 1022 1024 1028 1047 1088 1108 1126 1144 1161 1175 1174 1172 1173 1175 1175 1178 1186 1196 1204 1219 1231 1244 1264 1284 1305 1334 1363 1392 1424 1462 1500 1516 1528 1544 1560 1576 1592 1608 1625 1642 1659 1671 1688 1704 1715 1723 1736 1746 1757 1768 1779 1775 1744 1708 1681 1691
907 920 932 952 965 978 992 1000 1008 1017 1026 1041 1053 1068 1083 1088 1086 1071 1062 1048 1034 1017 1006 998 996 993 990 993 995 993 997 1000 1003 1010 1025 1047 1072 1083 1091 1098 1117 1118 1130 1136 1144 1157 1166 1174 1186 1196 1205 1222 1241 1261 1280 1300 1338 1376 1408 1438 1470 1500 1513 1529 1545 1562 1585 1604 1612 1631 1657 1678 1700 1708 1716 1725 1733 1742 1750 1759 1767 1758 1736 1711 1683 1656 1662
848 870 890 907 919 936 950 963 977 990 1002 1014 1030 1046 1061 1064 1052 1036 1023 1004 997 994 992 988 984 976 966 962 962 964 968 978 994 1007 1018 1031 1050 1066 1081 1088 1096 1108 1120 1133 1143 1152 1162 1177 1185 1192 1200 1218 1237 1257 1275 1292 1315 1345 1380 1400 1418 1427 1441 1456 1470 1479 1500 1512 1539 1554 1572 1590 1611 1638 1661 1700 1700 1704 1709 1712 1702 1700 1684 1664 1650 1628 1637
828 844 861 877 894 907 921 934 951 965 979 992 1009 1024 1043 1038 1029 1015 1006 996 985 974 971 959 937 915 910 909 918 937 956 976 995 1006 1015 1025 1040 1066 1078 1090 1100 1116 1133 1144 1152 1160 1171 1181 1186 1191 1200 1214 1223 1233 1249 1260 1272 1282 1300 1300 1315 1332 1363 1379 1400 1412 1424 1438 1452 1474 1488 1500 1523 1552 1582 1600 1600 1608 1629 1638 1635 1618 1611 1595 1588 1582 1607
812 827 841 858 872 886 900 914 932 945 964 979 994 1008 1020 1012 1000 994 985 970 953 937 921 905 894 890 883 888 893 899 918 947 982 996 1008 1023 1040 1071 1100 1110 1122 1135 1143 1148 1153 1160 1162 1164 1147 1160 1158 1155 1164 1173 1182 1190 1200 1221 1235 1250 1264 1278 1293 1315 1342 1367 1379 1393 1400 1414 1426 1440 1452 1470 1480 1482 1484 1485 1487 1492 1519 1518 1516 1514 1512 1510 1531
828 840 852 865 875 884 898 912 927 941 956 971 985 1000 1006 996 985 971 955 939 923 912 895 877 860 858 863 869 879 885 891 898 924 959 983 993 1010 1060 1080 1096 1100 1100 1100 1114 1120 1128 1131 1100 1088 1094 1109 1123 1140 1151 1164 1175 1187 1200 1214 1229 1246 1261 1276 1291 1308 1323 1333 1346 1361 1376 1390 1400 1412 1429 1441 1429 1412 1400 1410 1414 1418 1425 1440 1450 1469 1485 1498
844 871 884 896 904 916 925 938 951 964 976 989 1000 1000 990 980 965 943 921 900 876 850 844 827 833 840 847 854 861 867 876 883 889 897 912 943 963 992 1007 1000 999 997 995 1000 1000 1009 1040 1050 1057 1072 1088 1103 1115 1128 1140 1154 1168 1180 1194 1209 1225 1244 1260 1276 1291 1308 1322 1331 1342 1355 1372 1383 1392 1403 1400 1380 1380 1391 1402 1414 1422 1429 1438 1456 1475 1485 1497
812 844 885 903 920 936 949 963 976 987 1000 1000 1000 988 976 966 935 900 872 835 808 800 804 811 820 827 835 844 855 867 878 888 900 904 908 913 919 933 951 956 957 962 969 979 990 1000 1013 1027 1039 1053 1069 1086 1100 1117 1131 1144 1155 1166 1177 1192 1206 1223 1239 1258 1274 1290 1308 1320 1331 1342 1355 1363 1375 1380 1379 1382 1402 1412 1428 1440 1453 1465 1479 1494 1508 1520 1532
795 814 832 854 877 894 904 915 925 950 969 992 986 978 967 928 883 846 815 798 796 798 801 809 822 837 851 866 875 889 900 908 917 925 933 935 943 952 958 967 975 983 986 995 1006 1022 1039 1056 1072 1088 1094 1105 1120 1127 1140 1153 1166 1173 1182 1193 1204 1216 1224 1238 1255 1269 1288 1300 1311 1320 1336 1348 1356 1366 1376 1392 1406 1416 1431 1452 1474 1500 1513 1525 1537 1550 1565
785 800 823 840 856 873 886 900 911 920 950 968 977 965 930 884 842 800 791 792 796 803 815 831 846 862 878 893 906 915 927 938 952 961 972 986 997 1000 1008 1015 1021 1028 1035 1033 1034 1057 1079 1102 1111 1122 1133 1144 1154 1156 1164 1178 1188 1200 1204 1213 1223 1235 1245 1256 1266 1276 1287 1297 1305 1318 1330 1343 1356 1365 1375 1389 1400 1413 1426 1440 1470 1497 1510 1520 1546 1565 1577
800 820 840 852 862 875 893 904 917 930 942 958 973 951 900 854 810 788 789 797 809 826 842 854 871 887 903 916 932 942 959 961 973 985 997 1009 1025 1041 1050 1064 1079 1100 1100 1103 1089 1092 1106 1117 1131 1145 1158 1172 1186 1196 1203 1205 1213 1220 1226 1234 1244 1254 1261 1272 1282 1293 1304 1320 1335 1343 1357 1370 1380 1390 1400 1405 1417 1440 1453 1471 1480 1492 1506 1520 1537 1560 1580
848 873 900 906 915 927 941 951 970 973 966 968 968 960 900 842 795 777 801 812 832 850 870 890 905 914 935 953 971 989 1005 1018 1031 1044 1052 1066 1079 1093 1102 1112 1121 1130 1134 1138 1132 1127 1131 1136 1158 1170 1188 1205 1215 1220 1227 1235 1238 1242 1248 1254 1261 1271 1282 1293 1303 1319 1336 1353 1370 1388 1404 1416 1425 1430 1438 1449 1480 1491 1500 1505 1508 1519 1526 1540 1551 1565 1580
894 907 920 934 945 960 969 978 980 980 980 973 962 927 879 820 785 794 814 835 852 874 900 917 935 953 971 989 1003 1019 1035 1051 1068 1085 1093 1105 1111 1121 1131 1142 1152 1163 1173 1175 1174 1172 1175 1176 1179 1186 1204 1221 1230 1240 1248 1256 1262 1269 1276 1280 1283 1289 1300 1307 1324 1342 1359 1374 1395 1412 1426 1445 1466 1483 1488 1500 1498 1517 1534 1544 1554 1560 1564 1572 1575 1588 1602
894 907 919 930 940 951 965 969 980 980 970 950 900 852 800 783 767 809 832 855 879 900 928 943 962 981 1000 1021 1044 1067 1082 1100 1111 1122 1133 1144 1155 1161 1172 1184 1194 1200 1204 1207 1209 1208 1211 1213 1215 1214 1214 1219 1234 1247 1260 1271 1281 1290 1298 1304 1312 1315 1319 1322 1341 1359 1376 1393 1412 1430 1450 1475 1496 1509 1521 1534 1543 1555 1568 1577 1587 1597 1603 1611 1620 1622 1633
871 880 888 900 908 909 913 914 915 926 915 876 840 795 777 763 793 825 850 885 913 940 960 984 1000 1015 1035 1064 1086 1106 1132 1146 1150 1161 1171 1184 1188 1200 1205 1211 1216 1219 1224 1230 1236 1241 1246 1252 1250 1249 1248 1248 1247 1251 1264 1280 1292 1309 1322 1328 1336 1340 1343 1343 1356 1372 1388 1405 1426 1446 1467 1488 1506 1521 1535 1551 1566 1581 1596 1603 1613 1623 1633 1642 1654 1664 1673
836 846 858 865 875 882 883 886 888 886 869 832 795 776 758 777 798 840 873 905 940 968 990 1015 1036 1064 1080 1103 1120 1148 1166 1183 1194 1205 1212 1217 1223 1230 1237 1244 1250 1257 1258 1264 1271 1277 1282 1286 1290 1289 1283 1282 1281 1281 1280 1284 1300 1312 1330 1343 1354 1361 1365 1370 1376 1387 1400 1420 1440 1461 1482 1502 1519 1536 1551 1568 1586 1604 1614 1626 1641 1649 1661 1673 1685 1695 1702
808 820 832 840 847 856 860 863 868 862 829 795 774 758 762 784 805 841 875 900 949 986 1010 1031 1055 1095 1115 1136 1156 1179 1191 1202 1212 1222 1232 1242 1252 1258 1268 1278 1288 1300 1304 1309 1312 1319 1327 1334 1336 1332 1328 1315 1312 1307 1300 1300 1303 1317 1331 1346 1364 1373 1384 1391 1400 1412 1429 1446 1460 1478 1500 1515 1533 1551 1569 1589 1605 1619 1633 1647 1661 1675 1688 1700 1707 1715 1720
789 797 806 813 820 828 836 843 849 840 800 774 751 751 765 784 806 836 867 900 945 991 1015 1033 1067 1106 1126 1150 1183 1206 1218 1227 1239 1251 1263 1275 1286 1300 1300 1302 1314 1326 1338 1350 1361 1373 1388 1396 1392 1391 1390 1389 1387 1383 1380 1365 1361 1356 1351 1351 1367 1381 1394 1407 1420 1433 1446 1458 1474 1484 1497 1522 1545 1568 1590 1608 1622 1637 1651 1663 1677 1691 1704 1716 1726 1734 1740
762 771 778 792 802 809 815 822 826 808 782 751 740 752 765 780 800 827 870 900 952 994 1016 1042 1066 1100 1118 1146 1186 1209 1238 1256 1269 1286 1300 1314 1328 1341 1355 1367 1381 1400 1400 1407 1414 1421 1428 1436 1438 1434 1436 1436 1433 1433 1432 1430 1420 1407 1397 1392 1389 1391 1401 1414 1428 1439 1452 1468 1480 1493 1508 1530 1552 1572 1595 1613 1630 1646 1663 1680 1693 1707 1719 1732 1744 1754 1764
739 738 740 755 770 790 803 811 804 779 742 735 739 751 764 780 792 810 857 894 914 934 954 975 976 990 1011 1044 1078 1127 1177 1224 1266 1308 1314 1323 1347 1361 1377 1390 1401 1413 1424 1431 1441 1451 1462 1473 1476 1480 1484 1480 1475 1480 1480 1480 1473 1466 1446 1431 1427 1428 1434 1438 1455 1472 1490 1500 1513 1527 1541 1555 1569 1583 1598 1616 1634 1652 1671 1690 1707 1722 1734 1749 1764 1773 1783
715 709 707 715 723 730 746 746 730 728 736 743 751 760 766 780 791 810 840 867 886 900 913 932 950 969 981 1000 1037 1072 1096 1129 1161 1183 1190 1200 1232 1259 1300 1315 1340 1365 1390 1409 1433 1465 1488 1511 1517 1521 1527 1534 1540 1540 1533 1533 1530 1520 1500 1500 1490 1473 1477 1478 1479 1491 1503 1514 1526 1536 1547 1559 1570 1581 1593 1609 1634 1656 1679 1701 1721 1735 1755 1771 1785 1794 1806
674 660 680 700 710 719 726 736 744 755 761 769 776 783 792 800 820 824 838 856 872 884 895 909 929 956 972 986 1006 1041 1056 1083 1106 1129 1146 1162 1179 1196 1209 1242 1266 1289 1312 1340 1376 1415 1464 1512 1558 1569 1574 1581 1585 1590 1593 1593 1586 1578 1565 1549 1540 1533 1530 1521 1523 1524 1528 1536 1545 1553 1558 1568 1576 1585 1594 1616 1639 1668 1701 1719 1735 1753 1771 1788 1804 1823 1840
650 682 702 717 727 740 750 760 771 782 795 800 806 815 833 843 848 856 868 872 880 888 896 900 917 938 953 969 984 1005 1028 1057 1082 1098 1120 1138 1153 1170 1186 1200 1220 1241 1262 1288 1324 1393 1448 1503 1554 1604 1608 1612 1616 1620 1621 1620 1616 1605 1596 1585 1579 1576 1574 1571 1568 1565 1554 1565 1574 1582 1590 1600 1604 1609 1610 1625 1652 1678 1704 1725 1747 1766 1786 1807 1825 1845 1860
675 705 717 730 742 753 765 778 791 808 825 835 847 853 863 870 880 889 900 908 915 925 932 945 952 960 966 974 981 991 1005 1033 1063 1080 1094 1115 1130 1143 1157 1171 1183 1193 1211 1246 1292 1383 1435 1480 1528 1583 1615 1627 1627 1630 1630 1628 1626 1624 1621 1616 1606 1600 1600 1600 1595 1590 1586 1598 1602 1612 1616 1623 1629 1634 1640 1645 1665 1684 1704 1729 1753 1778 1801 1824 1844 1860 1856
681 708 723 738 753 767 780 793 813 833 848 860 875 886 893 903 910 920 928 940 952 963 971 976 980 984 987 992 996 1000 1009 1024 1046 1070 1088 1105 1120 1134 1151 1162 1175 1186 1196 1231 1283 1356 1417 1449 1481 1522 1572 1607 1630 1642 1643 1641 1640 1640 1638 1635 1633 1630 1623 1620 1620 1620 1620 1627 1633 1636 1640 1643 1649 1656 1663 1673 1683 1691 1706 1731 1757 1783 1806 1824 1834 1837 1832
702 716 731 746 760 776 794 814 833 856 880 891 902 913 922 932 940 951 956 966 980 990 996 1000 1006 1007 1012 1017 1022 1033 1040 1050 1060 1069 1080 1094 1108 1123 1134 1153 1171 1184 1211 1251 1300 1335 1380 1409 1432 1466 1491 1518 1564 1609 1659 1658 1659 1657 1657 1658 1659 1660 1658 1656 1651 1655 1655 1652 1658 1660 1668 1675 1680 1680 1690 1700 1702 1707 1714 1731 1749 1769 1797 1805 1809 1815 1805
703 719 735 751 767 783 805 837 860 874 894 912 925 940 954 967 975 980 988 1000 1007 1020 1025 1032 1037 1046 1060 1062 1075 1080 1080 1080 1086 1093 1100 1106 1110 1118 1129 1142 1156 1171 1185 1198 1247 1294 1313 1332 1351 1370 1390 1425 1466 1514 1600 1645 1680 1682 1679 1680 1684 1685 1689 1691 1693 1695 1695 1690 1688 1690 1700 1703 1705 1707 1711 1715 1721 1725 1731 1736 1740 1757 1773 1780 1785 1787 1773
706 720 739 760 780 800 824 854 872 894 916 936 956 980 990 1000 1003 1008 1016 1025 1040 1054 1066 1068 1080 1090 1096 1100 1103 1106 1105 1107 1109 1113 1117 1122 1131 1140 1151 1163 1176 1185 1192 1198 1212 1236 1252 1293 1312 1335 1353 1368 1392 1450 1528 1600 1654 1700 1701 1703 1705 1706 1707 1709 1710 1712 1714 1715 1717 1718 1721 1724 1727 1730 1735 1738 1743 1748 1753 1758 1761 1761 1761 1761 1761 1759 1744
711 729 748 768 788 810 843 876 892 914 940 960 993 1008 1020 1027 1035 1040 1050 1065 1080 1090 1100 1103 1108 1110 1114 1120 1121 1124 1126 1129 1127 1130 1136 1146 1160 1172 1182 1188 1200 1206 1220 1226 1240 1248 1256 1272 1283 1300 1321 1343 1365 1386 1428 1500 1600 1683 1714 1725 1729 1733 1736 1735 1736 1737 1735 1735 1735 1735 1736 1737 1745 1748 1757 1761 1765 1768 1771 1775 1773 1768 1758 1749 1739 1728 1711
711 734 756 777 798 816 843 872 900 926 949 980 1005 1018 1040 1052 1067 1076 1088 1095 1104 1112 1120 1122 1126 1130 1131 1135 1140 1142 1146 1148 1152 1161 1164 1171 1180 1188 1201 1216 1240 1253 1266 1280 1280 1288 1295 1300 1306 1312 1316 1330 1350 1371 1391 1437 1500 1611 1700 1718 1735 1745 1755 1760 1763 1763 1762 1760 1760 1760 1761 1763 1764 1765 1760 1755 1753 1754 1755 1756 1753 1747 1736 1726 1715 1704 1690
669 683 695 722 764 806 843 874 900 921 946 974 1011 1028 1052 1072 1086 1097 1107 1116 1123 1135 1140 1140 1140 1140 1142 1144 1144 1145 1147 1147 1148 1149 1151 1155 1160 1183 1195 1232 1260 1282 1297 1303 1308 1314 1321 1327 1333 1339 1345 1351 1354 1361 1376 1393 1435 1500 1609 1686 1714 1742 1752 1756 1764 1761 1762 1763 1761 1755 1748 1741 1734 1728 1720 1712 1718 1721 1725 1729 1729 1720 1711 1705 1697 1681 1667
626 641 655 660 693 725 756 800 827 875 920 959 979 1007 1015 1055 1086 1102 1113 1125 1137 1140 1140 1140 1140 1140 1141 1140 1138 1136 1136 1136 1134 1133 1134 1139 1147 1172 1196 1228 1265 1286 1302 1311 1320 1329 1331 1339 1346 1354 1362 1369 1377 1384 1392 1396 1427 1479 1536 1625 1676 1708 1723 1726 1730 1734 1737 1741 1737 1730 1724 1717 1709 1702 1689 1674 1676 1693 1700 1704 1704 1695 1685 1674 1664 1653 1646
589 604 616 626 633 653 687 713 731 749 767 796 810 860 900 945 990 1014 1075 1100 1108 1120 1122 1122 1125 1130 1128 1123 1120 1120 1122 1123 1122 1121 1124 1131 1138 1171 1208 1241 1271 1296 1311 1324 1338 1352 1366 1379 1393 1399 1415 1432 1446 1461 1472 1483 1495 1497 1540 1600 1630 1662 1691 1703 1708 1712 1716 1720 1717 1712 1706 1703 1689 1671 1653 1634 1628 1635 1643 1650 1652 1654 1648 1640 1633 1626 1619
563 577 590 603 613 625 633 640 680 705 713 729 760 776 793 827 872 906 937 968 1011 1029 1055 1082 1102 1107 1111 1113 1112 1112 1111 1109 1106 1111 1117 1125 1135 1176 1218 1250 1281 1308 1323 1338 1350 1365 1372 1366 1360 1364 1383 1406 1425 1446 1468 1493 1511 1531 1561 1582 1604 1618 1632 1647 1662 1678 1693 1700 1690 1673 1663 1649 1633 1619 1606 1595 1577 1586 1593 1600 1600 1606 1606 1596 1586 1577 1568
