app/alps_03.asc
ncols        234
nrows        188
xllcorner    9.637638888889
yllcorner    46.142916666667
cellsize     0.000277777778
NODATA_value -9999
[rows 84 to 125 of 188, columns 0 to 93 of 234]
638 631 623 611 598 588 580 565 555 546 535 520 512 504 490 480 471 464 456 451 444 434 422 412 402 392 380 371 363 356 350 343 335 326 316 308 298 286 280 280 280 280 280 280 280 280 280 280 280 280 280 280 280 280 280 279 279 279 279 279 279 279 279 280 280 280 280 280 280 280 280 280 279 279 279 279 279 279 279 279 279 278 278 278 278 278 278 278 278 277 277 277 277 276
625 620 607 595 583 567 555 547 536 526 516 508 495 480 472 462 455 449 443 434 424 414 406 393 380 373 366 359 351 345 337 330 322 312 300 290 280 280 280 280 280 280 280 280 280 280 280 280 280 280 280 280 280 280 279 279 279 279 279 279 279 279 279 279 279 279 279 279 279 279 279 279 279 279 279 279 279 278 278 278 278 278 278 278 278 278 278 278 278 278 277 277 276 276
607 596 590 577 560 550 538 529 518 512 504 490 476 466 457 450 442 436 428 418 408 396 383 373 367 360 350 344 335 328 322 311 300 293 283 280 280 280 280 280 280 280 280 280 280 279 279 279 279 279 279 279 279 279 278 278 278 278 278 278 278 278 279 279 279 279 279 279 279 279 279 279 278 278 278 278 278 278 278 278 278 277 277 277 277 277 277 277 277 277 277 276 276 276
591 580 565 554 540 530 520 509 498 487 479 470 464 455 446 437 429 420 405 400 389 378 365 357 348 343 337 329 320 304 291 280 280 280 280 280 280 280 280 280 280 280 280 280 279 279 279 279 279 279 279 279 279 279 278 278 278 278 278 278 278 278 278 278 278 278 278 278 279 279 279 278 278 278 278 278 278 278 278 278 278 278 277 277 277 277 277 277 277 277 277 276 276 276
566 556 546 536 523 509 497 489 479 473 467 460 451 444 434 424 413 400 390 380 368 358 349 340 331 323 313 304 295 283 280 280 280 280 280 280 280 280 279 279 279 279 279 279 279 279 278 278 278 278 278 278 278 278 277 277 277 277 277 277 278 278 278 278 278 278 278 278 278 278 278 277 277 277 277 277 277 277 277 277 277 277 276 276 276 276 276 276 276 276 276 276 275 275
549 540 533 520 500 488 476 465 460 456 450 444 436 425 417 408 392 379 370 358 349 338 327 320 309 298 292 283 280 280 280 280 280 280 280 280 280 279 279 279 279 279 279 279 279 279 278 278 278 278 278 278 278 278 277 277 277 277 277 277 277 277 277 277 278 278 278 278 278 278 278 277 277 277 277 277 277 277 277 277 277 277 276 276 276 276 276 276 276 276 276 276 276 275
533 520 510 502 490 478 463 449 440 435 430 427 418 409 400 388 378 360 353 343 329 317 304 294 286 280 280 280 280 280 280 280 280 280 280 279 279 279 279 279 279 279 279 279 279 278 278 278 278 278 278 278 278 278 277 277 277 277 277 277 277 277 277 277 277 277 277 277 277 277 277 276 276 276 276 276 276 276 276 276 276 276 275 275 275 275 275 275 275 275 275 275 275 274
517 508 498 488 478 465 454 438 426 420 414 406 395 388 377 369 358 347 332 320 307 296 284 280 280 280 280 280 280 280 280 279 279 279 279 279 279 279 279 278 278 278 278 278 278 278 278 277 277 277 277 277 277 277 276 276 276 276 277 277 277 277 277 277 277 277 277 277 276 276 276 276 276 276 276 276 275 275 275 275 275 275 275 275 275 274 274 274 274 274 275 275 275 275
502 490 477 467 460 446 432 412 398 394 386 377 368 360 354 346 336 318 308 296 285 280 280 280 280 280 280 280 280 280 279 279 279 279 279 279 279 279 278 278 278 278 278 278 278 278 277 277 277 277 277 277 277 277 276 276 276 276 276 276 276 276 276 276 276 276 276 276 276 276 275 275 275 275 275 275 275 275 275 275 275 275 274 274 274 274 274 274 274 274 274 274 274 274
480 460 449 437 428 420 410 397 378 371 360 353 344 337 327 317 305 298 289 280 280 280 280 280 280 280 279 279 279 279 279 279 279 279 278 278 278 278 278 278 278 277 277 277 277 277 277 276 276 276 276 276 276 276 275 275 276 276 276 276 276 276 276 276 276 275 275 275 275 275 275 275 274 274 274 274 274 274 274 274 274 274 274 274 274 274 273 273 273 273 273 273 273 273
464 449 435 420 400 394 387 374 357 348 337 327 322 313 303 294 286 280 280 280 280 280 280 280 280 280 279 279 279 279 279 279 279 278 278 278 278 278 278 278 277 277 277 277 277 277 277 276 276 276 276 276 276 276 275 275 275 275 275 275 275 275 275 275 275 275 274 274 274 274 274 274 274 274 274 274 273 273 273 273 273 273 273 273 273 273 273 273 272 272 272 272 272 272
447 435 420 406 391 379 362 354 342 331 317 305 297 290 283 280 280 280 280 280 280 280 279 279 279 279 279 279 279 279 279 279 278 278 278 278 278 278 278 277 277 277 277 277 277 277 277 276 276 276 276 276 276 276 275 275 275 275 275 275 275 275 275 275 275 274 274 274 274 274 274 274 274 274 274 273 273 273 273 273 273 273 273 273 273 273 272 272 272 272 272 272 272 272
432 418 408 397 387 372 356 342 331 317 306 296 286 280 280 280 280 280 280 280 279 279 279 279 279 279 279 278 278 278 278 278 278 278 277 277 277 277 277 277 277 276 276 276 276 276 276 275 275 275 275 275 275 275 275 275 275 275 275 275 275 275 275 274 274 274 274 274 274 274 274 273 273 273 273 273 273 273 273 272 272 272 272 272 272 272 272 271 271 271 271 271 271 271
418 408 395 386 377 361 347 334 320 308 297 285 280 280 280 280 280 280 280 279 279 279 279 279 279 279 278 278 278 278 278 278 278 277 277 277 277 277 277 277 276 276 276 276 276 276 276 275 275 275 275 275 275 275 274 274 274 274 274 274 274 274 274 274 273 273 273 273 273 273 273 273 273 273 273 272 272 272 272 272 272 272 272 272 272 271 271 271 271 271 271 271 271 271
403 394 384 375 366 354 338 325 312 300 285 280 280 280 280 280 280 279 279 279 279 279 279 279 278 278 278 278 278 278 277 277 277 277 277 277 276 276 276 276 276 276 275 275 275 275 275 275 275 275 275 275 275 275 274 274 274 274 274 274 274 274 274 274 273 273 273 273 273 273 273 273 273 273 273 272 272 272 272 272 272 272 272 272 272 271 271 271 271 271 271 271 271 271
390 382 374 367 356 340 324 311 301 291 280 280 280 280 280 280 279 279 279 279 279 279 279 278 278 278 278 278 278 277 277 277 277 277 277 276 276 276 276 276 276 276 275 275 275 275 275 275 274 274 274 274 274 274 273 273 273 273 273 273 273 273 273 273 272 272 272 272 272 272 272 272 272 272 272 271 271 271 271 271 271 271 271 271 271 270 270 270 270 270 270 270 270 270
377 370 365 356 341 327 312 300 291 280 280 280 280 280 280 279 279 279 279 279 279 279 278 278 278 278 278 278 278 277 277 277 277 277 277 276 276 276 276 276 276 275 275 275 275 275 275 275 274 274 274 274 274 274 273 273 273 273 273 273 273 273 273 273 272 272 272 272 272 272 272 272 272 272 272 271 271 271 271 271 271 271 271 271 271 270 270 270 270 270 270 270 270 270
364 355 344 332 322 310 296 288 280 280 280 280 280 280 279 279 279 279 279 279 278 278 278 278 278 278 277 277 277 277 277 276 276 276 276 276 276 275 275 275 275 275 275 274 274 274 274 274 273 273 273 273 273 273 272 272 272 272 272 272 272 272 272 272 271 271 271 271 272 272 272 272 272 272 272 271 271 271 271 271 271 271 271 271 271 270 270 270 270 270 270 270 270 270
341 332 321 314 303 296 288 280 280 280 280 280 280 279 279 279 279 279 279 278 278 278 278 278 278 277 277 277 277 277 277 276 276 276 276 276 276 275 275 275 275 275 274 274 274 274 274 274 273 273 273 273 273 273 272 272 272 272 272 272 272 272 272 272 271 271 271 271 271 271 271 271 271 271 271 270 270 270 270 270 270 270 270 270 270 269 269 269 269 269 269 269 269 269
319 313 307 300 295 290 285 280 280 280 280 280 280 279 279 279 279 279 278 278 278 278 278 277 277 277 277 277 276 276 276 276 276 275 275 275 275 275 275 275 275 275 274 274 274 274 274 274 273 273 273 273 273 273 272 272 272 272 272 272 272 272 272 272 271 271 271 271 271 271 271 271 271 271 271 270 270 270 270 270 270 270 270 270 270 269 269 269 269 269 269 269 269 269
304 300 297 293 290 286 283 280 280 280 280 280 280 279 279 279 279 279 278 278 278 278 278 277 277 277 277 277 276 276 276 276 276 275 275 275 275 275 274 274 274 274 274 273 273 273 273 273 273 272 272 272 272 272 271 271 271 271 271 271 271 271 271 271 270 270 270 270 270 270 270 270 270 270 269 269 269 269 269 269 269 269 269 269 269 268 268 268 269 269 269 269 269 269
298 298 295 291 288 285 281 280 280 280 280 280 279 279 279 279 279 278 278 278 278 278 277 277 277 277 277 277 276 276 276 276 276 275 275 275 275 275 274 274 274 274 274 273 273 273 273 273 273 272 272 272 272 272 271 271 271 271 271 271 271 271 271 271 270 270 270 270 270 270 270 270 270 270 269 269 269 269 269 269 269 269 269 269 269 268 268 268 268 268 268 268 268 268
296 295 292 289 286 282 280 279 280 280 280 279 279 279 279 279 278 278 278 278 277 277 277 277 277 276 276 276 276 276 275 275 275 275 275 274 274 274 274 274 273 273 273 273 272 272 272 272 272 271 271 271 271 271 270 270 271 271 271 271 271 271 271 271 270 270 270 270 270 270 270 270 270 270 269 269 269 269 269 269 269 269 269 269 269 268 268 268 268 268 268 268 268 268
292 291 289 287 285 282 280 279 280 280 280 279 279 279 279 279 278 278 278 278 277 277 277 277 277 276 276 276 276 276 275 275 275 275 275 274 274 274 274 273 273 273 273 273 272 272 272 272 272 271 271 271 271 271 270 270 270 270 270 270 270 270 270 270 269 269 269 269 269 269 269 269 269 269 268 268 268 268 268 268 268 268 268 268 268 267 267 267 267 267 267 267 267 267
290 289 288 286 284 281 280 279 280 280 279 279 279 279 279 278 278 278 278 277 277 277 277 276 276 276 276 276 276 276 275 275 275 275 275 274 274 274 274 273 273 273 273 273 272 272 272 272 272 271 271 271 271 271 270 270 270 270 270 270 270 270 270 270 269 269 269 269 269 269 269 269 269 269 268 268 268 268 268 268 268 268 268 268 268 267 267 267 267 267 267 267 267 267
286 287 286 285 283 282 280 279 280 280 279 279 279 279 279 278 278 278 278 277 277 277 277 276 276 276 276 276 275 275 275 275 274 274 274 274 273 273 273 273 273 272 272 272 272 271 271 271 271 270 270 270 270 269 269 269 269 269 269 269 269 269 269 269 269 269 269 268 268 268 268 268 268 268 268 268 268 268 268 268 268 268 268 268 268 267 267 267 267 267 267 267 267 267
283 284 284 283 282 281 280 279 280 280 279 279 279 279 279 278 278 278 278 277 277 277 277 276 276 276 276 276 275 275 275 275 274 274 274 274 273 273 273 273 273 272 272 272 272 271 271 271 271 270 270 270 270 269 269 269 269 269 269 269 269 269 269 269 268 268 268 268 268 268 268 268 268 268 267 267 267 267 267 267 267 267 267 267 267 266 266 266 266 266 266 266 266 266
281 281 282 282 281 280 280 276 280 280 279 279 279 279 278 278 278 278 277 277 277 277 276 276 276 276 275 275 275 275 274 274 274 274 273 273 273 273 272 272 272 272 271 271 271 270 270 270 270 269 269 269 269 268 269 269 269 269 269 269 269 269 269 269 268 268 268 268 268 268 268 268 268 268 267 267 267 267 267 267 267 267 267 267 267 266 266 266 266 266 266 266 266 266
280 280 280 280 280 280 277 276 279 279 278 278 278 278 277 277 277 277 277 276 277 276 276 276 276 275 275 275 275 274 274 274 274 273 273 273 273 272 272 272 272 271 271 271 271 270 270 270 270 269 269 269 269 268 268 268 268 268 268 268 268 268 268 268 267 267 267 267 267 267 267 267 267 267 266 266 267 267 267 267 267 266 266 266 266 266 266 266 266 266 266 266 266 266
280 280 280 280 280 280 277 276 279 279 278 278 278 278 277 277 277 277 277 276 276 276 276 275 275 275 275 274 274 274 274 274 273 273 273 273 272 272 272 272 271 271 271 271 271 270 270 270 270 269 269 269 269 268 268 268 268 268 268 268 268 268 268 268 267 267 267 267 267 267 267 267 267 267 266 266 266 266 266 266 266 266 266 266 265 265 265 265 265 265 265 265 265 265
280 280 280 280 280 280 277 276 279 279 278 278 278 278 277 277 277 277 277 276 276 276 276 275 275 275 275 274 274 274 274 274 273 273 273 273 272 272 272 272 271 271 271 271 271 270 270 270 270 269 269 269 269 267 267 267 267 267 267 267 267 267 267 267 267 267 267 266 266 266 266 266 267 267 266 266 266 266 266 266 266 266 266 266 265 265 265 265 265 265 265 265 265 265
280 280 280 280 280 280 277 276 278 278 278 278 277 277 277 277 277 276 276 276 275 275 275 275 275 274 274 274 274 273 273 273 273 272 272 272 272 271 271 272 271 271 271 271 271 270 270 270 270 269 269 269 269 267 267 267 267 267 267 267 267 267 267 267 266 266 266 266 266 266 266 266 266 266 265 265 265 265 265 265 265 265 265 265 264 264 264 264 264 264 264 264 264 264
285 280 280 280 280 280 275 279 278 278 278 278 277 277 277 277 276 276 276 275 275 275 275 274 274 274 274 273 273 273 273 272 272 272 271 271 271 271 270 270 270 270 270 270 270 269 269 269 269 268 268 268 268 267 267 267 267 267 267 267 267 267 267 267 266 266 266 266 266 266 266 266 266 266 265 265 265 265 265 265 265 265 265 265 264 264 264 264 264 264 264 264 264 264
284 280 277 277 280 277 275 279 279 278 278 278 277 277 277 277 276 276 276 276 275 275 275 274 274 274 274 273 273 273 273 272 272 272 272 271 271 271 270 270 270 270 269 269 269 269 268 268 268 268 267 267 267 266 266 266 266 266 266 266 266 266 266 266 266 266 266 265 265 265 265 265 265 265 265 265 265 265 265 265 265 264 264 264 264 264 264 264 264 264 264 264 264 264
280 280 277 277 280 277 275 279 278 278 278 278 277 277 277 276 276 276 276 275 275 275 275 274 274 274 274 273 273 273 273 272 272 272 271 271 271 271 270 270 270 270 269 269 269 269 268 268 268 268 267 267 267 266 266 266 266 266 266 266 266 266 266 266 265 265 265 265 265 265 265 265 265 265 264 264 264 264 264 264 264 264 264 264 263 263 263 263 264 264 264 264 264 264
280 280 277 277 280 277 275 279 278 278 278 277 277 277 277 276 276 276 276 275 275 275 275 274 274 274 274 273 273 273 273 272 272 272 271 271 271 271 270 270 270 270 269 269 269 269 268 268 268 267 267 267 267 265 265 265 265 265 265 265 265 266 266 266 265 265 265 265 265 265 265 265 265 265 264 264 264 264 264 264 264 264 264 264 263 263 263 263 263 263 263 263 263 263
280 280 277 277 280 277 275 279 278 277 278 277 276 277 277 276 276 276 276 275 275 275 275 274 274 274 274 273 273 272 272 272 271 272 271 271 271 271 270 270 270 270 269 269 269 269 268 268 268 267 267 267 267 265 265 265 265 265 265 265 265 265 265 264 264 264 264 264 264 264 264 264 264 264 263 263 263 263 263 263 263 263 263 263 263 263 263 263 263 263 263 263 263 263
280 280 277 277 280 275 273 279 276 277 278 277 276 277 277 276 276 276 276 275 275 275 275 272 274 272 272 273 271 272 272 272 271 272 271 271 271 271 270 270 270 270 269 268 269 268 267 268 268 267 267 267 267 264 264 264 264 264 264 265 265 265 265 264 264 264 264 264 264 264 264 264 264 263 263 263 263 263 263 263 263 263 263 262 262 262 262 262 262 262 262 262 262 262
280 275 275 275 275 275 273 279 276 277 278 277 276 277 277 276 276 276 276 275 275 275 273 272 274 272 272 273 271 272 272 272 271 272 271 271 271 271 270 270 270 268 269 268 267 268 267 268 268 267 267 267 267 264 264 264 264 264 264 264 264 264 264 263 263 263 263 263 263 263 263 263 263 262 262 262 262 262 262 262 262 262 262 261 261 261 261 261 261 261 261 261 261 260
277 275 275 275 275 275 273 279 276 277 278 277 276 277 277 276 276 273 276 272 272 275 273 272 274 272 272 273 271 272 272 272 271 272 271 268 271 268 268 270 267 268 269 268 267 268 267 268 268 267 267 267 267 264 264 264 264 264 264 264 264 264 263 263 263 263 263 263 263 263 263 262 262 262 262 262 262 262 262 262 262 262 262 261 261 261 261 261 261 261 261 261 260 260
277 275 275 275 275 275 273 279 276 277 274 277 276 273 273 276 272 273 276 272 272 275 273 272 274 272 272 273 271 272 272 272 271 269 268 268 268 268 268 270 267 268 269 268 267 268 267 268 268 267 267 265 267 263 263 263 263 263 263 263 263 263 263 262 262 262 262 262 262 262 262 262 261 261 261 261 261 261 261 261 261 261 260 260 260 260 259 259 258 258 257 257 256 257
277 275 275 275 275 275 273 279 276 278 274 272 277 273 273 276 272 273 276 272 272 275 273 272 274 272 273 273 271 269 268 268 268 269 268 268 268 268 268 270 267 268 269 268 267 268 265 268 268 264 267 265 264 263 263 263 263 263 263 263 263 262 262 262 262 262 262 262 261 261 261 261 261 261 261 261 261 260 259 257 257 256 254 254 254 254 254 254 254 254 254 254 254 254
