app/alps_05.asc
ncols        346
nrows        249
xllcorner    9.206805555556
yllcorner    46.199583333333
cellsize     0.000277777778
NODATA_value -9999
[rows 114 to 151 of 249, columns 0 to 83 of 346]
2123 2127 2126 2125 2126 2130 2133 2134 2134 2138 2141 2144 2149 2154 2158 2165 2173 2181 2188 2195 2201 2207 2212 2218 2223 2229 2234 2237 2241 2243 2247 2250 2253 2254 2257 2260 2263 2266 2270 2275 2280 2312 2300 2273 2246 2219 2196 2185 2173 2162 2148 2138 2125 2113 2100 2094 2089 2083 2078 2073 2075 2067 2057 2041 2027 2016 2010 2003 1996 1989 1983 1978 1976 1973 1970 1967 1963 1961 1955 1952 1952 1947 1941 1928
2140 2140 2139 2137 2138 2140 2143 2144 2144 2149 2154 2160 2163 2169 2176 2185 2193 2200 2204 2208 2214 2219 2225 2229 2235 2240 2244 2247 2251 2255 2259 2261 2263 2266 2268 2270 2273 2275 2279 2284 2298 2325 2340 2318 2300 2269 2230 2198 2185 2174 2163 2152 2140 2129 2119 2108 2100 2095 2089 2084 2086 2080 2065 2049 2037 2031 2023 2015 2007 1998 1993 1988 1986 1986 1984 1983 1981 1980 1973 1971 1971 1965 1954 1943
2145 2149 2148 2148 2149 2151 2153 2155 2160 2165 2171 2178 2184 2190 2197 2204 2206 2211 2215 2222 2230 2237 2241 2244 2248 2250 2254 2259 2262 2265 2268 2271 2274 2276 2280 2282 2286 2290 2293 2297 2310 2335 2364 2345 2316 2287 2256 2222 2197 2186 2176 2164 2153 2141 2130 2120 2113 2107 2100 2096 2095 2087 2078 2060 2052 2043 2035 2026 2017 2009 2001 1997 1994 1996 1997 1996 1993 1992 1991 1990 1986 1982 1975 1967
2157 2158 2159 2160 2166 2170 2172 2178 2183 2188 2191 2200 2204 2212 2220 2232 2231 2230 2229 2235 2241 2245 2247 2251 2255 2260 2262 2267 2271 2276 2279 2281 2284 2287 2290 2292 2295 2297 2301 2309 2326 2348 2370 2352 2325 2298 2272 2246 2220 2196 2186 2176 2165 2153 2143 2132 2127 2121 2116 2110 2105 2099 2081 2073 2064 2054 2044 2034 2024 2018 2012 2007 2005 2006 2007 2007 2005 2004 2006 2006 2002 1999 1992 1983
2178 2176 2176 2179 2182 2186 2189 2193 2196 2203 2216 2230 2240 2242 2245 2249 2243 2239 2240 2246 2250 2255 2260 2264 2269 2273 2276 2280 2283 2287 2289 2293 2296 2300 2301 2305 2310 2314 2318 2327 2338 2356 2375 2389 2359 2327 2300 2275 2249 2226 2203 2190 2179 2168 2157 2144 2141 2138 2134 2128 2114 2103 2094 2085 2076 2066 2055 2045 2038 2032 2026 2022 2019 2017 2017 2018 2018 2017 2020 2018 2014 2009 2002 1998
2200 2195 2193 2195 2197 2200 2210 2222 2234 2240 2255 2256 2258 2260 2261 2263 2260 2258 2255 2260 2263 2266 2271 2275 2278 2281 2285 2290 2294 2298 2301 2305 2308 2312 2316 2320 2322 2327 2331 2338 2348 2366 2385 2404 2390 2356 2321 2292 2268 2246 2223 2200 2190 2179 2170 2158 2155 2154 2153 2146 2132 2119 2118 2112 2095 2082 2070 2058 2053 2048 2042 2037 2034 2031 2031 2029 2030 2032 2033 2029 2026 2022 2018 2011
2245 2233 2222 2218 2221 2227 2233 2244 2293 2310 2311 2300 2294 2287 2281 2276 2273 2270 2271 2272 2276 2278 2282 2287 2291 2295 2299 2302 2306 2310 2313 2317 2321 2325 2327 2331 2335 2340 2343 2349 2357 2369 2390 2414 2395 2367 2339 2312 2288 2266 2249 2227 2204 2194 2185 2177 2170 2173 2171 2159 2147 2145 2146 2143 2127 2110 2100 2084 2075 2065 2060 2056 2052 2047 2044 2043 2047 2050 2047 2043 2040 2036 2030 2024
2290 2281 2260 2243 2244 2261 2278 2292 2322 2350 2353 2330 2318 2312 2304 2298 2292 2287 2285 2287 2289 2291 2294 2296 2299 2303 2308 2312 2317 2321 2325 2330 2334 2340 2341 2344 2348 2352 2355 2358 2365 2374 2392 2418 2412 2384 2361 2334 2311 2292 2275 2259 2244 2228 2210 2197 2198 2200 2192 2176 2179 2185 2187 2180 2156 2137 2125 2113 2098 2084 2076 2071 2067 2061 2060 2061 2065 2064 2061 2058 2054 2051 2050 2049
2304 2305 2300 2295 2292 2300 2304 2314 2359 2384 2380 2353 2339 2329 2320 2316 2310 2302 2301 2300 2300 2303 2307 2310 2314 2317 2321 2324 2330 2335 2338 2341 2346 2349 2353 2357 2361 2367 2372 2376 2382 2391 2400 2426 2422 2394 2372 2350 2328 2309 2300 2286 2269 2254 2241 2229 2223 2219 2212 2230 2227 2234 2222 2195 2180 2156 2137 2126 2111 2097 2089 2080 2078 2075 2075 2078 2079 2077 2074 2071 2069 2070 2076 2081
2314 2342 2352 2348 2353 2359 2368 2385 2400 2397 2383 2365 2352 2341 2337 2333 2329 2325 2320 2318 2315 2317 2320 2323 2328 2331 2336 2338 2342 2346 2351 2356 2360 2363 2368 2372 2377 2382 2390 2398 2405 2411 2425 2438 2435 2399 2379 2373 2380 2365 2350 2331 2315 2306 2293 2261 2249 2240 2262 2286 2279 2253 2231 2215 2201 2179 2154 2134 2120 2112 2103 2098 2091 2089 2091 2094 2095 2092 2090 2090 2089 2110 2145 2146
2300 2344 2381 2388 2393 2398 2401 2420 2416 2399 2388 2376 2365 2358 2352 2348 2343 2339 2336 2333 2331 2334 2335 2338 2344 2350 2349 2345 2352 2360 2363 2366 2371 2375 2379 2386 2395 2403 2411 2418 2426 2432 2440 2447 2456 2432 2415 2412 2402 2389 2376 2361 2344 2324 2309 2292 2275 2283 2300 2300 2300 2270 2237 2222 2208 2192 2173 2154 2135 2120 2115 2109 2104 2105 2106 2108 2108 2109 2106 2107 2108 2140 2187 2217
2326 2348 2358 2368 2380 2390 2402 2422 2438 2427 2410 2394 2383 2377 2374 2370 2363 2359 2356 2352 2351 2353 2357 2360 2364 2365 2365 2364 2365 2369 2372 2377 2381 2386 2392 2397 2405 2413 2422 2429 2437 2446 2454 2458 2468 2469 2457 2438 2417 2399 2389 2377 2360 2340 2323 2305 2300 2309 2311 2304 2297 2270 2243 2223 2202 2188 2175 2160 2146 2135 2126 2119 2119 2119 2119 2120 2122 2122 2121 2124 2127 2154 2200 2232
2320 2330 2337 2348 2360 2375 2390 2406 2422 2422 2421 2420 2414 2407 2397 2402 2403 2402 2400 2396 2380 2383 2381 2379 2376 2376 2378 2379 2377 2379 2383 2391 2398 2405 2412 2420 2426 2433 2441 2449 2455 2462 2470 2478 2486 2484 2468 2452 2435 2417 2405 2388 2370 2346 2330 2327 2325 2322 2320 2302 2281 2264 2244 2224 2206 2192 2181 2168 2157 2146 2139 2134 2135 2137 2136 2135 2137 2140 2142 2145 2150 2176 2211 2250
2301 2309 2319 2336 2350 2364 2380 2395 2416 2421 2400 2397 2393 2391 2387 2384 2374 2368 2380 2384 2385 2380 2377 2374 2370 2386 2400 2401 2400 2397 2402 2407 2414 2421 2426 2434 2441 2447 2454 2461 2469 2477 2483 2491 2499 2501 2483 2461 2442 2423 2404 2386 2371 2360 2354 2347 2340 2328 2313 2296 2278 2262 2244 2226 2208 2194 2186 2177 2168 2162 2157 2151 2153 2153 2151 2152 2157 2161 2163 2164 2173 2213 2249 2280
2284 2294 2306 2324 2343 2355 2369 2384 2397 2394 2380 2371 2359 2353 2347 2344 2340 2332 2332 2336 2335 2324 2325 2328 2327 2347 2367 2384 2401 2408 2415 2427 2432 2437 2443 2449 2455 2461 2468 2475 2482 2490 2497 2505 2514 2507 2489 2469 2448 2427 2407 2390 2372 2359 2350 2338 2321 2302 2292 2279 2267 2254 2242 2226 2209 2198 2192 2185 2179 2176 2174 2171 2173 2173 2171 2171 2179 2184 2182 2203 2225 2253 2282 2307
2268 2278 2293 2311 2329 2344 2355 2367 2372 2360 2353 2343 2333 2325 2315 2310 2305 2295 2288 2280 2280 2280 2280 2281 2287 2298 2317 2339 2351 2368 2382 2397 2413 2430 2447 2462 2468 2475 2483 2492 2498 2506 2513 2521 2528 2516 2497 2477 2454 2435 2415 2391 2369 2351 2335 2322 2308 2296 2285 2274 2262 2252 2240 2228 2217 2207 2198 2194 2190 2190 2190 2189 2192 2192 2189 2188 2196 2220 2209 2241 2283 2313 2318 2316
2256 2270 2286 2300 2310 2319 2335 2344 2328 2317 2314 2309 2298 2288 2280 2275 2260 2240 2240 2240 2242 2248 2252 2256 2261 2272 2280 2296 2307 2323 2336 2350 2368 2388 2404 2426 2444 2468 2488 2509 2519 2526 2534 2540 2542 2528 2510 2489 2467 2446 2424 2403 2382 2359 2338 2323 2307 2295 2285 2274 2264 2254 2244 2235 2227 2219 2213 2207 2202 2204 2207 2209 2210 2211 2210 2229 2264 2278 2263 2290 2334 2337 2331 2327
2246 2260 2265 2263 2275 2286 2288 2280 2288 2288 2284 2282 2271 2257 2240 2228 2223 2218 2219 2220 2225 2230 2235 2240 2245 2251 2257 2267 2280 2290 2301 2315 2327 2348 2368 2390 2412 2436 2460 2486 2511 2537 2550 2557 2562 2543 2524 2505 2481 2454 2429 2403 2382 2361 2340 2325 2312 2300 2291 2282 2273 2265 2255 2247 2240 2235 2228 2225 2224 2227 2227 2229 2232 2233 2252 2291 2322 2310 2317 2337 2355 2348 2342 2339
2227 2241 2239 2235 2245 2248 2244 2245 2265 2263 2253 2237 2229 2217 2206 2198 2202 2204 2207 2210 2215 2218 2222 2227 2232 2237 2244 2257 2267 2280 2289 2299 2310 2323 2340 2366 2390 2415 2443 2475 2500 2523 2546 2578 2579 2555 2532 2509 2482 2452 2419 2395 2379 2360 2343 2329 2317 2304 2296 2289 2282 2276 2269 2264 2258 2253 2248 2250 2255 2259 2259 2263 2266 2272 2300 2334 2362 2361 2359 2362 2368 2360 2357 2358
2200 2212 2210 2211 2219 2213 2208 2200 2197 2196 2197 2196 2196 2190 2186 2180 2183 2186 2191 2194 2197 2201 2207 2215 2222 2229 2236 2243 2257 2267 2277 2287 2298 2311 2326 2342 2362 2388 2415 2447 2480 2509 2532 2558 2585 2567 2538 2511 2486 2452 2423 2396 2381 2366 2351 2337 2326 2314 2302 2297 2293 2289 2285 2281 2282 2283 2284 2292 2303 2307 2314 2309 2300 2313 2335 2359 2378 2378 2381 2382 2383 2384 2385 2388
2173 2176 2178 2181 2179 2178 2169 2165 2158 2150 2143 2139 2144 2149 2156 2161 2166 2171 2177 2183 2188 2193 2199 2206 2214 2222 2228 2235 2244 2254 2266 2276 2288 2302 2319 2335 2356 2380 2406 2439 2473 2504 2527 2545 2559 2575 2563 2531 2500 2469 2438 2406 2389 2375 2360 2346 2336 2327 2320 2312 2308 2302 2300 2298 2299 2300 2315 2329 2343 2352 2365 2365 2359 2360 2383 2389 2394 2396 2400 2402 2405 2406 2398 2388
2140 2140 2139 2151 2147 2140 2135 2140 2130 2128 2125 2124 2129 2133 2137 2143 2150 2157 2164 2169 2178 2184 2190 2197 2205 2212 2220 2229 2239 2249 2259 2272 2286 2298 2314 2329 2350 2376 2406 2437 2472 2505 2518 2526 2534 2544 2563 2554 2512 2479 2446 2415 2396 2384 2373 2361 2350 2340 2337 2332 2331 2331 2331 2330 2333 2334 2350 2371 2393 2411 2413 2410 2409 2407 2413 2422 2428 2428 2431 2419 2405 2396 2387 2377
2100 2104 2106 2104 2100 2093 2086 2100 2097 2103 2105 2108 2114 2121 2126 2132 2139 2146 2153 2160 2167 2175 2182 2189 2197 2207 2216 2224 2233 2243 2254 2267 2281 2294 2311 2326 2344 2386 2423 2459 2477 2486 2495 2500 2510 2523 2536 2559 2533 2495 2465 2436 2404 2393 2385 2378 2372 2368 2371 2374 2386 2379 2382 2382 2377 2372 2387 2395 2409 2428 2444 2441 2440 2439 2445 2451 2442 2430 2417 2404 2393 2383 2372 2362
2076 2067 2065 2062 2055 2048 2056 2065 2075 2084 2088 2094 2099 2106 2113 2121 2128 2135 2141 2149 2156 2166 2173 2180 2189 2199 2209 2219 2230 2240 2255 2268 2281 2300 2320 2344 2380 2418 2438 2435 2436 2444 2458 2469 2480 2498 2515 2541 2542 2513 2482 2452 2422 2404 2396 2392 2395 2397 2399 2411 2425 2431 2427 2422 2414 2408 2417 2417 2432 2449 2466 2471 2467 2460 2447 2433 2424 2415 2405 2393 2380 2369 2356 2346
2028 2022 2020 2019 2020 2030 2039 2049 2060 2069 2076 2083 2089 2098 2104 2111 2118 2125 2130 2137 2144 2154 2164 2173 2180 2191 2200 2213 2226 2243 2260 2300 2318 2338 2364 2390 2381 2376 2380 2394 2407 2422 2436 2450 2460 2480 2496 2520 2547 2523 2494 2465 2434 2423 2413 2411 2416 2421 2418 2437 2457 2467 2461 2457 2453 2449 2447 2457 2469 2480 2471 2458 2448 2437 2425 2414 2404 2394 2384 2372 2360 2349 2339 2328
1996 1992 1991 1995 2002 2013 2025 2037 2046 2054 2062 2070 2080 2090 2099 2105 2111 2116 2123 2131 2139 2148 2156 2165 2173 2183 2193 2207 2222 2252 2300 2320 2341 2354 2333 2335 2343 2354 2367 2381 2393 2405 2417 2431 2445 2460 2490 2512 2532 2530 2505 2471 2451 2441 2434 2434 2439 2446 2457 2469 2480 2485 2481 2475 2474 2474 2475 2476 2475 2460 2444 2430 2420 2409 2400 2392 2384 2375 2366 2355 2345 2333 2324 2315
1966 1968 1974 1978 1989 2001 2011 2020 2028 2037 2045 2054 2064 2081 2088 2095 2102 2108 2116 2124 2133 2142 2149 2158 2167 2176 2188 2203 2220 2268 2306 2329 2309 2305 2311 2318 2330 2343 2353 2364 2377 2389 2401 2411 2426 2442 2466 2490 2513 2537 2518 2493 2473 2458 2455 2455 2461 2470 2481 2490 2500 2500 2502 2502 2505 2503 2488 2475 2456 2438 2419 2402 2396 2388 2379 2370 2365 2355 2346 2338 2330 2320 2312 2304
1944 1946 1955 1966 1977 1988 1998 2007 2017 2025 2033 2041 2053 2065 2075 2083 2090 2097 2107 2116 2124 2132 2141 2151 2161 2171 2183 2198 2218 2292 2306 2295 2281 2284 2295 2303 2312 2323 2337 2350 2362 2374 2385 2396 2408 2423 2453 2485 2509 2525 2543 2526 2498 2486 2478 2477 2479 2489 2501 2501 2499 2497 2494 2491 2495 2501 2486 2464 2440 2417 2398 2387 2377 2368 2358 2348 2340 2334 2328 2322 2315 2308 2303 2293
1927 1934 1942 1956 1967 1976 1984 1990 1997 2008 2022 2034 2044 2053 2063 2075 2084 2092 2100 2108 2117 2126 2134 2144 2156 2171 2186 2214 2241 2272 2252 2255 2263 2270 2278 2288 2301 2314 2324 2336 2348 2358 2369 2379 2400 2412 2442 2477 2506 2521 2535 2548 2534 2517 2500 2496 2492 2488 2484 2481 2475 2471 2466 2463 2463 2463 2463 2454 2429 2400 2386 2374 2359 2344 2336 2330 2324 2317 2311 2304 2300 2295 2286 2279
1904 1921 1931 1941 1955 1965 1968 1974 1981 1997 2009 2021 2030 2040 2052 2064 2077 2086 2092 2099 2109 2121 2130 2142 2157 2173 2196 2226 2232 2219 2232 2239 2247 2255 2264 2276 2289 2301 2310 2320 2330 2340 2349 2359 2382 2400 2434 2469 2502 2514 2526 2520 2508 2496 2489 2481 2473 2467 2459 2453 2448 2444 2439 2433 2429 2426 2428 2430 2416 2394 2374 2354 2338 2328 2318 2310 2302 2296 2291 2286 2280 2276 2272 2268
1893 1904 1913 1924 1936 1949 1950 1960 1968 1976 1992 2009 2023 2035 2046 2058 2067 2076 2085 2096 2108 2123 2138 2155 2172 2187 2201 2200 2201 2210 2218 2227 2235 2243 2254 2264 2274 2285 2296 2307 2318 2327 2338 2349 2362 2378 2399 2434 2471 2502 2503 2494 2484 2476 2468 2460 2451 2443 2434 2428 2423 2416 2410 2404 2399 2395 2397 2398 2386 2371 2355 2339 2329 2318 2308 2297 2287 2280 2277 2274 2271 2268 2265 2262
1870 1883 1896 1906 1917 1925 1936 1945 1955 1973 1990 2004 2016 2028 2039 2051 2060 2071 2085 2103 2123 2142 2162 2168 2171 2174 2175 2179 2188 2196 2205 2216 2226 2236 2245 2255 2266 2277 2287 2296 2307 2318 2331 2343 2355 2368 2384 2405 2441 2473 2489 2479 2469 2459 2450 2440 2430 2419 2411 2407 2403 2399 2395 2390 2384 2379 2377 2372 2361 2348 2339 2329 2320 2310 2300 2289 2280 2277 2274 2272 2269 2266 2263 2258
1845 1857 1870 1882 1896 1910 1925 1942 1963 1980 1993 2006 2016 2027 2037 2048 2060 2078 2105 2131 2124 2120 2124 2132 2142 2153 2162 2170 2178 2187 2194 2202 2215 2227 2241 2252 2263 2272 2281 2289 2297 2309 2322 2336 2351 2366 2381 2398 2425 2453 2481 2464 2449 2430 2416 2400 2398 2395 2392 2389 2387 2382 2378 2373 2370 2364 2355 2344 2337 2330 2323 2316 2310 2303 2292 2283 2277 2273 2269 2265 2261 2254 2247 2240
1842 1857 1870 1884 1898 1918 1930 1948 1966 1980 1993 2004 2013 2023 2036 2057 2096 2106 2100 2096 2099 2101 2110 2121 2131 2140 2151 2160 2169 2176 2184 2191 2197 2219 2240 2247 2253 2260 2270 2280 2292 2304 2319 2334 2348 2361 2375 2390 2410 2440 2463 2458 2438 2421 2402 2396 2390 2385 2380 2375 2370 2365 2362 2356 2352 2347 2337 2329 2322 2314 2305 2299 2295 2289 2283 2278 2274 2270 2266 2262 2255 2246 2235 2226
1839 1854 1869 1885 1899 1926 1944 1959 1970 1981 1991 2000 2010 2020 2038 2060 2064 2060 2070 2077 2083 2091 2101 2110 2119 2126 2137 2148 2160 2167 2174 2182 2193 2203 2214 2226 2239 2248 2261 2274 2286 2298 2313 2328 2340 2353 2366 2380 2395 2418 2446 2451 2433 2415 2399 2391 2383 2375 2368 2359 2352 2351 2349 2347 2344 2337 2328 2319 2310 2300 2293 2284 2279 2276 2274 2270 2266 2263 2256 2246 2238 2232 2227 2220
1849 1871 1891 1907 1922 1941 1960 1975 1983 1990 1997 2003 2008 2013 2018 2025 2036 2047 2057 2065 2075 2083 2091 2099 2107 2116 2125 2135 2144 2152 2160 2169 2180 2190 2203 2214 2226 2237 2250 2267 2285 2295 2308 2320 2334 2346 2363 2377 2390 2409 2438 2455 2434 2412 2395 2383 2371 2359 2347 2340 2337 2337 2338 2340 2334 2325 2317 2309 2300 2291 2282 2278 2274 2270 2266 2262 2257 2250 2244 2235 2226 2218 2212 2206
1875 1903 1920 1934 1948 1962 1972 1980 1984 1985 1986 1989 1993 1998 2004 2015 2025 2035 2046 2056 2064 2072 2080 2089 2098 2106 2116 2123 2131 2138 2150 2162 2176 2187 2198 2208 2220 2231 2244 2263 2278 2288 2299 2309 2321 2334 2349 2363 2379 2402 2430 2460 2437 2417 2394 2379 2364 2349 2337 2327 2320 2321 2322 2322 2317 2312 2307 2301 2292 2282 2275 2270 2264 2258 2252 2246 2240 2234 2229 2223 2217 2210 2203 2196
1866 1893 1916 1932 1940 1944 1948 1953 1957 1962 1969 1977 1983 1990 1997 2008 2017 2027 2037 2047 2056 2065 2073 2081 2091 2100 2110 2119 2127 2134 2143 2156 2168 2181 2190 2198 2210 2222 2237 2250 2263 2276 2291 2303 2313 2323 2336 2351 2373 2399 2427 2453 2442 2419 2397 2380 2364 2347 2332 2315 2300 2299 2298 2300 2300 2301 2295 2289 2280 2272 2265 2256 2250 2244 2239 2235 2231 2227 2223 2217 2208 2200 2193 2184
