app/alps_big.asc
ncols        240
nrows        190
xllcorner    9.301527777847
yllcorner    46.804305555559
cellsize     0.000277777778
NODATA_value -9999
[rows 82 to 122 of 190, columns 0 to 92 of 240]
1010 1010 1010 1010 1010 1007 1002 998 992 988 982 978 975 973 975 975 971 967 964 959 954 950 946 941 938 933 928 922 916 911 916 915 909 905 904 902 902 903 904 903 902 902 901 901 895 887 885 885 888 890 890 890 890 885 876 866 859 856 853 851 849 848 846 849 850 850 851 851 852 853 851 852 852 851 850 848 844 841 838 838 837 837 840 853 862 868 865 862 859 858 855 852 849
1006 1009 1012 1016 1020 1020 1020 1020 1020 1012 1004 994 983 976 969 963 959 955 951 947 943 939 936 932 929 926 920 921 920 911 920 920 917 916 917 914 912 912 912 910 908 906 904 902 900 895 894 892 891 891 890 886 882 876 871 865 860 859 858 857 855 850 847 844 843 842 840 840 839 840 838 836 828 831 831 830 829 826 824 825 823 826 829 833 836 840 848 848 846 844 842 840 837
1003 1007 1010 1014 1017 1020 1020 1020 1020 1020 1020 1015 1005 993 983 973 962 958 958 959 960 956 952 948 944 940 937 932 922 915 920 921 921 922 923 922 922 921 919 917 915 912 910 907 905 902 900 897 896 893 891 889 890 890 890 885 881 878 874 867 863 860 858 854 852 851 851 851 851 851 850 850 847 843 840 840 839 823 819 815 810 810 814 822 826 832 834 833 831 829 826 824 823
1000 1000 1002 1006 1010 1014 1017 1020 1020 1020 1020 1018 1012 1006 1001 992 982 975 979 978 973 968 963 958 953 948 944 934 920 920 928 928 928 928 928 926 924 921 919 916 914 912 910 907 905 902 900 895 890 890 892 891 890 890 889 887 885 883 881 878 875 871 867 864 860 860 858 857 856 854 853 852 849 846 842 844 845 846 842 837 827 810 808 809 820 824 825 824 822 821 820 820 820
988 987 990 995 998 1001 1005 1009 1013 1015 1013 1011 1008 1006 1003 1000 995 989 984 979 974 969 964 958 951 944 934 922 926 934 938 938 936 935 934 930 926 922 919 916 914 911 909 906 904 902 898 894 891 890 890 891 889 886 884 882 880 877 874 871 868 864 861 859 856 854 853 850 850 849 848 847 846 845 845 848 851 852 851 847 837 822 811 808 804 810 809 803 800 803 810 811 811
990 989 987 985 983 985 990 995 1000 1002 1004 1002 1000 1000 998 993 988 984 979 975 971 968 963 957 946 933 929 936 940 942 942 942 942 941 941 937 932 927 923 919 916 914 911 908 906 903 900 896 892 889 888 886 885 883 881 878 875 873 870 867 864 861 858 856 853 850 850 849 848 848 847 846 845 844 844 848 854 859 860 852 840 831 823 817 810 808 807 804 803 801 800 800 806
997 995 992 989 986 983 981 984 989 994 997 996 996 995 992 988 984 980 976 972 968 964 957 942 935 932 937 941 943 945 946 945 944 943 942 940 936 932 928 924 920 917 914 911 908 905 903 900 897 894 891 889 887 885 883 882 879 875 872 868 864 861 858 855 852 849 848 846 844 844 844 844 844 844 844 849 858 860 860 856 846 838 833 830 825 821 817 813 809 806 803 800 798
1003 1001 998 994 990 986 982 980 984 988 991 991 990 990 988 984 980 976 971 966 960 946 938 935 939 945 951 951 950 950 949 947 945 944 942 940 937 934 930 927 924 920 918 915 912 909 907 904 902 898 893 890 888 885 883 880 877 874 871 868 865 861 858 855 852 849 847 844 844 844 844 844 844 844 847 853 860 860 861 859 851 844 838 834 831 827 823 819 815 811 807 804 801
1004 1000 997 994 990 986 982 978 981 984 985 985 985 985 984 982 980 974 966 956 944 942 947 956 960 960 960 960 957 955 952 950 947 945 943 941 938 935 933 930 928 925 922 920 917 914 911 908 905 902 898 894 890 888 885 883 881 877 873 870 866 862 858 855 851 849 847 845 844 844 844 844 844 844 845 854 861 864 867 863 857 849 841 837 834 831 827 824 820 817 813 809 805
1000 997 995 992 990 987 984 981 978 974 976 980 980 980 980 980 973 964 954 950 960 960 961 961 960 960 960 960 959 957 954 952 949 946 944 942 939 937 935 932 930 928 925 922 920 916 913 910 906 903 899 895 892 889 886 883 880 876 872 868 864 860 857 854 851 849 847 844 844 844 844 844 844 844 844 855 865 870 870 865 859 851 844 838 834 829 826 822 819 816 814 812 808
1004 1002 999 997 995 993 990 988 986 983 981 975 970 965 962 964 963 959 967 976 976 974 971 969 967 965 963 961 960 959 957 954 951 948 945 942 940 937 935 932 930 927 925 923 920 916 913 910 907 903 900 897 894 890 887 883 880 876 872 868 863 860 856 853 850 847 844 844 844 844 844 844 844 844 844 855 863 870 870 870 864 856 848 841 834 827 820 819 818 816 815 813 812
1011 1010 1008 1006 1004 1002 1000 999 996 992 990 987 985 982 981 981 982 981 982 983 981 979 976 972 969 967 964 961 960 960 960 957 954 951 948 945 941 939 936 933 930 928 925 923 920 917 914 911 908 904 901 898 895 891 888 885 881 877 872 868 864 859 856 852 850 847 845 844 844 844 844 844 844 844 848 856 863 868 870 870 869 861 854 846 839 832 826 820 819 817 816 814 813
1015 1014 1012 1011 1009 1008 1006 1004 1003 1001 999 996 993 990 988 988 987 987 987 987 985 982 979 976 973 969 966 962 959 957 955 953 951 949 947 944 942 939 937 934 932 929 926 923 921 918 915 912 910 907 904 901 898 894 889 885 881 877 874 870 866 862 858 853 849 847 845 844 844 844 844 844 844 847 851 858 863 868 870 870 870 864 856 848 840 833 828 821 819 818 817 816 814
1021 1019 1017 1015 1013 1012 1010 1008 1007 1005 1004 1002 1001 998 996 995 994 993 992 990 988 986 983 981 978 974 971 968 964 961 958 956 954 951 949 946 944 941 938 935 933 930 927 924 921 918 916 913 910 907 905 902 899 895 891 887 883 879 875 871 867 863 859 855 852 849 846 844 844 844 844 844 846 851 857 864 870 871 871 871 871 861 854 847 839 833 827 821 819 818 817 816 815
1023 1021 1022 1021 1020 1017 1015 1013 1011 1009 1008 1006 1005 1003 1002 1000 998 996 995 993 991 988 986 983 981 978 975 972 969 967 964 961 958 955 952 949 946 943 940 937 934 931 928 925 922 919 917 914 911 908 906 903 900 896 892 887 883 879 876 873 869 865 862 857 853 849 847 845 844 844 844 846 850 856 863 870 873 876 874 872 870 862 855 848 840 834 828 822 820 819 818 817 816
1025 1025 1027 1025 1023 1020 1019 1017 1015 1015 1014 1012 1010 1009 1007 1005 1003 1002 1000 997 995 993 990 988 985 983 980 978 974 971 968 965 961 958 954 950 947 944 940 938 935 932 930 928 925 922 920 917 914 910 906 903 900 896 892 889 885 881 877 874 870 866 862 858 854 850 847 845 844 844 845 849 854 860 866 871 875 878 878 875 871 867 862 855 849 843 835 825 820 819 818 817 816
1028 1028 1030 1028 1025 1024 1023 1021 1020 1021 1020 1019 1017 1015 1012 1010 1008 1006 1004 1002 1000 998 995 992 990 987 984 982 979 976 972 969 966 963 960 955 950 946 941 939 936 934 932 930 927 924 922 919 916 912 909 906 902 898 895 892 889 885 882 877 873 869 864 860 855 850 848 845 844 844 847 851 856 862 870 874 878 881 883 881 877 872 868 863 857 850 843 834 825 820 818 817 816
1030 1030 1030 1030 1028 1027 1028 1028 1026 1026 1024 1023 1020 1018 1016 1014 1012 1010 1008 1006 1004 1002 999 996 994 991 988 984 982 979 976 972 969 966 963 959 955 950 945 941 938 935 933 931 929 926 924 922 919 916 912 908 905 901 897 894 891 886 883 879 876 871 867 863 858 853 849 848 846 848 853 858 863 870 877 881 885 888 890 887 882 877 872 867 862 854 845 837 827 820 818 817 815
1033 1032 1031 1031 1030 1030 1031 1030 1031 1030 1028 1026 1024 1022 1020 1017 1015 1013 1011 1009 1007 1005 1002 999 997 994 992 989 987 984 982 979 975 970 965 961 957 954 950 945 942 939 936 934 931 929 926 924 921 918 915 911 908 905 901 898 894 889 885 882 878 874 870 867 863 859 852 850 850 852 857 865 875 881 886 891 891 890 890 890 886 881 875 869 863 855 845 834 825 819 815 811 810
1037 1036 1035 1034 1033 1033 1033 1032 1033 1033 1031 1029 1027 1025 1023 1021 1019 1018 1016 1014 1012 1009 1007 1005 1003 1001 999 996 992 988 985 983 979 975 971 967 963 958 954 950 947 943 939 938 935 933 930 927 924 922 919 915 912 908 905 900 896 893 889 886 882 878 874 869 865 861 855 850 850 858 865 874 881 888 892 896 895 893 892 890 886 881 875 868 862 851 840 830 820 814 810 810 809
1044 1041 1039 1037 1035 1035 1036 1036 1036 1036 1034 1031 1029 1027 1025 1023 1022 1020 1018 1016 1014 1012 1010 1009 1007 1005 1003 1002 999 995 991 987 983 980 976 971 967 963 959 956 953 950 947 944 940 937 934 931 928 925 922 919 914 911 907 904 900 897 894 890 887 884 881 875 870 864 859 855 857 864 871 877 883 890 896 900 899 897 894 892 889 885 880 870 861 847 834 824 816 810 810 809 809
1045 1042 1040 1039 1038 1038 1039 1039 1039 1038 1037 1035 1034 1032 1030 1028 1025 1022 1020 1018 1016 1014 1012 1011 1009 1007 1005 1003 1002 999 995 991 988 984 981 979 974 969 963 959 957 956 951 948 944 941 938 934 931 927 924 920 917 914 911 907 904 901 898 894 891 887 884 880 874 869 863 859 862 866 871 876 882 888 893 896 896 896 896 894 890 886 883 880 869 856 840 824 815 810 810 809 808
1040 1040 1040 1040 1040 1041 1040 1040 1040 1040 1040 1038 1037 1035 1033 1031 1029 1027 1024 1022 1019 1017 1015 1013 1011 1009 1007 1005 1003 1000 997 994 990 986 984 981 977 973 970 966 960 961 958 954 949 945 941 938 933 930 926 922 919 917 914 911 908 905 903 900 895 890 885 881 876 872 867 864 864 869 873 877 882 886 890 894 898 900 900 900 899 896 896 887 879 865 852 837 823 812 810 809 809
1043 1040 1040 1040 1040 1040 1040 1040 1040 1040 1039 1038 1036 1035 1033 1033 1032 1031 1031 1026 1020 1017 1013 1010 1007 1003 1000 1000 1000 1000 998 995 992 989 988 986 984 980 977 973 970 966 963 959 954 950 946 942 938 934 931 927 923 920 917 914 910 907 904 901 897 892 888 884 880 875 871 867 868 872 876 880 885 890 893 896 900 902 904 902 900 896 893 890 884 876 866 852 836 822 810 810 809
1047 1043 1040 1040 1040 1040 1040 1040 1040 1040 1039 1038 1037 1036 1035 1034 1033 1032 1031 1029 1025 1020 1016 1013 1009 1005 1001 1000 1000 999 999 999 996 992 992 991 990 985 979 975 972 968 964 960 956 952 947 942 940 937 934 930 926 923 919 916 914 910 908 905 902 898 894 889 885 881 874 870 870 874 878 881 885 889 893 897 901 905 908 908 908 905 901 895 890 883 875 866 857 844 829 810 810
1048 1044 1040 1040 1040 1040 1040 1040 1040 1040 1040 1039 1039 1039 1038 1037 1036 1035 1034 1032 1029 1025 1021 1017 1013 1009 1005 1000 1000 1000 1000 1000 1000 998 996 994 992 990 985 978 974 969 965 961 957 952 948 943 942 940 937 934 931 928 924 920 916 913 909 906 902 899 895 891 886 882 874 870 870 874 877 880 884 889 893 897 902 905 909 911 912 910 906 902 894 887 882 876 868 858 845 829 810
1049 1047 1045 1043 1042 1041 1041 1040 1040 1040 1040 1040 1040 1039 1040 1039 1039 1038 1037 1036 1033 1029 1025 1021 1016 1012 1009 1005 1000 1000 999 999 998 997 995 994 992 991 986 980 976 971 967 962 958 954 950 945 944 942 939 936 933 930 927 923 920 916 912 908 903 899 895 890 886 881 875 870 870 874 876 880 883 886 890 893 896 899 903 903 905 905 902 897 891 886 883 881 875 867 857 838 819
1050 1049 1048 1048 1046 1045 1044 1040 1040 1041 1040 1040 1040 1039 1040 1040 1040 1040 1040 1038 1035 1033 1029 1024 1019 1016 1012 1008 1004 1000 998 995 993 993 992 992 991 987 983 980 976 971 967 963 960 955 950 946 945 943 941 937 934 931 928 924 920 917 913 909 905 901 896 890 885 880 875 871 870 873 875 878 881 884 887 889 891 893 895 895 898 901 899 894 888 884 882 878 872 866 859 840 825
1050 1050 1050 1050 1050 1048 1045 1042 1043 1043 1043 1042 1042 1041 1041 1040 1040 1040 1040 1040 1040 1035 1030 1026 1021 1016 1011 1004 1000 996 994 991 989 988 986 985 983 982 979 976 973 970 967 964 960 956 952 948 946 944 941 937 933 928 924 920 917 914 910 907 904 901 895 888 881 875 870 868 868 871 873 875 878 881 883 883 885 886 887 889 892 894 891 888 884 881 875 870 865 858 848 836 823
1052 1051 1051 1051 1050 1050 1049 1048 1047 1047 1045 1044 1043 1042 1040 1040 1040 1039 1039 1037 1035 1033 1031 1026 1022 1013 1004 997 990 987 985 983 982 980 979 977 975 973 971 969 967 965 963 960 958 955 952 949 947 945 942 940 936 932 927 923 919 915 911 908 904 899 893 886 880 875 870 866 864 865 866 869 871 874 876 875 878 880 882 884 884 885 884 883 881 876 870 865 857 849 840 832 823
1058 1058 1057 1056 1054 1054 1053 1052 1051 1051 1048 1045 1041 1038 1037 1037 1036 1036 1035 1034 1032 1029 1026 1023 1016 1009 1001 991 981 978 978 976 975 974 972 971 969 968 966 965 963 962 960 959 956 954 952 950 948 945 942 939 936 933 930 927 923 920 915 910 905 900 894 888 882 876 870 864 861 860 860 860 862 861 862 865 868 870 873 876 873 871 869 866 864 862 857 847 839 832 824 820 815
1060 1059 1058 1057 1056 1055 1054 1053 1052 1051 1046 1040 1038 1034 1030 1030 1031 1031 1030 1027 1024 1020 1016 1010 1004 998 991 984 979 975 974 973 972 970 969 968 966 965 964 963 961 960 959 957 955 953 950 949 946 944 942 940 937 933 930 927 924 920 915 909 904 898 890 883 874 868 862 860 860 860 860 860 860 860 860 860 860 860 860 860 857 854 851 848 844 839 830 820 819 817 816 814 820
1060 1059 1057 1055 1053 1050 1047 1048 1043 1039 1037 1035 1030 1028 1024 1023 1022 1022 1020 1018 1013 1008 1004 1000 995 990 986 980 975 971 970 969 968 967 966 965 964 962 961 960 958 957 955 954 952 950 949 946 944 942 940 936 932 928 925 922 916 910 904 899 894 889 883 875 868 860 860 859 858 858 857 856 855 856 855 854 853 853 852 850 846 841 838 835 832 829 826 823 823 823 824 822 822
1060 1057 1055 1053 1050 1045 1040 1036 1034 1030 1027 1023 1020 1016 1013 1010 1006 1003 1000 998 995 994 991 989 986 983 981 975 970 967 966 966 965 964 963 962 961 960 959 957 955 953 952 950 947 945 942 940 938 934 932 929 926 923 919 910 900 897 894 890 886 882 877 870 866 861 860 859 859 858 858 857 857 856 856 855 857 857 855 853 851 850 847 842 841 840 835 831 830 831 830 828 826
1056 1054 1052 1051 1044 1040 1037 1033 1030 1027 1023 1020 1013 1005 998 994 991 989 984 980 979 978 977 980 974 972 968 966 961 963 963 962 961 961 960 959 957 956 954 953 952 951 949 947 945 943 941 938 935 931 928 924 921 914 905 899 896 893 890 887 884 881 875 870 867 865 862 859 860 860 861 863 863 863 863 863 864 864 862 860 858 855 851 848 846 844 842 840 837 835 834 833 832
1048 1047 1045 1043 1041 1037 1032 1027 1021 1017 1012 1006 1000 994 987 980 979 977 976 974 972 971 969 968 967 964 962 960 960 959 958 957 956 955 954 953 951 950 950 950 950 951 950 950 949 946 944 941 935 925 919 916 912 908 904 900 897 894 891 888 885 882 877 872 869 867 863 861 863 866 868 870 870 868 867 868 870 870 868 866 862 861 858 854 851 849 846 844 841 838 838 837 836
1046 1044 1042 1040 1037 1033 1029 1024 1020 1021 1020 1016 1013 1010 1007 1000 1000 997 996 994 996 1000 998 994 992 990 987 985 983 980 974 973 971 967 965 963 961 959 957 955 954 953 952 952 951 950 945 938 930 920 918 916 913 910 908 905 902 899 895 892 888 885 880 874 870 868 867 865 867 869 870 870 870 870 870 870 871 873 871 868 866 865 862 859 857 855 851 849 846 844 841 840 840
1052 1050 1051 1050 1048 1046 1046 1046 1045 1041 1034 1030 1028 1026 1024 1022 1022 1020 1018 1017 1017 1016 1013 1014 1010 1007 1002 999 996 993 989 985 982 979 975 972 969 966 962 960 958 956 954 953 951 945 939 934 928 920 919 917 915 913 912 910 907 904 901 897 892 887 883 879 874 870 869 868 869 870 870 870 870 871 872 874 875 876 876 872 870 869 867 865 862 860 857 854 851 848 845 845 845
1060 1059 1057 1056 1054 1053 1052 1050 1046 1042 1040 1039 1035 1031 1029 1029 1028 1027 1026 1025 1024 1023 1022 1021 1019 1015 1012 1008 1003 999 995 992 989 986 982 979 976 973 970 967 964 960 956 952 948 944 939 933 928 921 920 919 918 917 916 915 912 908 903 900 896 892 888 884 880 877 875 872 872 871 871 870 869 868 869 870 874 880 880 878 875 874 871 869 867 865 863 861 857 853 850 849 848
1060 1060 1058 1056 1054 1052 1050 1048 1045 1043 1040 1041 1041 1040 1035 1030 1029 1028 1027 1026 1025 1023 1022 1021 1019 1016 1013 1010 1010 1006 1000 997 994 990 987 984 981 977 973 970 965 962 957 952 949 946 943 939 931 926 921 919 920 920 920 919 916 913 911 908 905 901 897 891 886 882 880 878 876 875 873 871 868 864 868 872 876 880 880 880 880 878 877 875 872 868 866 863 861 856 854 853 851
1060 1060 1058 1055 1052 1050 1049 1048 1047 1046 1045 1044 1043 1042 1041 1040 1029 1022 1020 1020 1020 1023 1022 1021 1020 1018 1014 1010 1010 1011 1005 1000 997 994 990 987 984 980 976 972 968 964 960 956 953 949 945 941 930 928 925 922 921 920 920 921 920 920 917 913 909 906 902 898 893 891 888 887 884 882 879 873 870 867 870 873 876 880 880 881 882 883 884 884 883 881 879 872 866 861 858 856 855
