app/alps_01.asc
ncols        706
nrows        462
xllcorner    9.215416666667
yllcorner    46.800972222223
cellsize     0.000277777778
NODATA_value -9999
[rows 342 to 379 of 462, columns 336 to 419 of 706]
928 922 916 911 916 915 909 905 904 902 902 903 904 903 902 902 901 901 895 887 885 885 888 890 890 890 890 885 876 866 859 856 853 851 849 848 846 849 850 850 851 851 852 853 851 852 852 851 850 848 844 841 838 838 837 837 840 853 862 868 865 862 859 858 855 852 849 846 843 840 837 836 834 833 829 825 826 828 829 832 834 834 832 834
920 921 920 911 920 920 917 916 917 914 912 912 912 910 908 906 904 902 900 895 894 892 891 891 890 886 882 876 871 865 860 859 858 857 855 850 847 844 843 842 840 840 839 840 838 836 828 831 831 830 829 826 824 825 823 826 829 833 836 840 848 848 846 844 842 840 837 832 827 824 820 820 820 820 820 820 820 820 820 820 819 819 819 819
937 932 922 915 920 921 921 922 923 922 922 921 919 917 915 912 910 907 905 902 900 897 896 893 891 889 890 890 890 885 881 878 874 867 863 860 858 854 852 851 851 851 851 851 850 850 847 843 840 840 839 823 819 815 810 810 814 822 826 832 834 833 831 829 826 824 823 820 820 820 819 819 819 819 820 818 816 815 813 811 810 810 810 810
944 934 920 920 928 928 928 928 928 926 924 921 919 916 914 912 910 907 905 902 900 895 890 890 892 891 890 890 889 887 885 883 881 878 875 871 867 864 860 860 858 857 856 854 853 852 849 846 842 844 845 846 842 837 827 810 808 809 820 824 825 824 822 821 820 820 820 819 819 819 818 818 817 817 817 817 816 814 812 810 809 809 808 807
934 922 926 934 938 938 936 935 934 930 926 922 919 916 914 911 909 906 904 902 898 894 891 890 890 891 889 886 884 882 880 877 874 871 868 864 861 859 856 854 853 850 850 849 848 847 846 845 845 848 851 852 851 847 837 822 811 808 804 810 809 803 800 803 810 811 811 812 812 813 814 814 815 815 815 816 815 814 813 812 811 810 809 808
929 936 940 942 942 942 942 941 941 937 932 927 923 919 916 914 911 908 906 903 900 896 892 889 888 886 885 883 881 878 875 873 870 867 864 861 858 856 853 850 850 849 848 848 847 846 845 844 844 848 854 859 860 852 840 831 823 817 810 808 807 804 803 801 800 800 806 810 810 811 812 812 813 814 814 815 814 814 813 812 811 810 809 808
937 941 943 945 946 945 944 943 942 940 936 932 928 924 920 917 914 911 908 905 903 900 897 894 891 889 887 885 883 882 879 875 872 868 864 861 858 855 852 849 848 846 844 844 844 844 844 844 844 849 858 860 860 856 846 838 833 830 825 821 817 813 809 806 803 800 798 802 806 810 810 811 812 812 813 814 814 813 812 812 811 810 809 808
951 951 950 950 949 947 945 944 942 940 937 934 930 927 924 920 918 915 912 909 907 904 902 898 893 890 888 885 883 880 877 874 871 868 865 861 858 855 852 849 847 844 844 844 844 844 844 844 847 853 860 860 861 859 851 844 838 834 831 827 823 819 815 811 807 804 801 797 801 803 805 808 811 811 811 812 812 812 812 811 811 811 810 809
960 960 957 955 952 950 947 945 943 941 938 935 933 930 928 925 922 920 917 914 911 908 905 902 898 894 890 888 885 883 881 877 873 870 866 862 858 855 851 849 847 845 844 844 844 844 844 844 845 854 861 864 867 863 857 849 841 837 834 831 827 824 820 817 813 809 805 800 797 801 803 805 806 808 810 811 811 811 811 811 811 810 809 808
960 960 959 957 954 952 949 946 944 942 939 937 935 932 930 928 925 922 920 916 913 910 906 903 899 895 892 889 886 883 880 876 872 868 864 860 857 854 851 849 847 844 844 844 844 844 844 844 844 855 865 870 870 865 859 851 844 838 834 829 826 822 819 816 814 812 808 802 799 796 797 800 800 802 804 806 808 810 811 807 800 799 799 802
963 961 960 959 957 954 951 948 945 942 940 937 935 932 930 927 925 923 920 916 913 910 907 903 900 897 894 890 887 883 880 876 872 868 863 860 856 853 850 847 844 844 844 844 844 844 844 844 844 855 863 870 870 870 864 856 848 841 834 827 820 819 818 816 815 813 812 809 804 800 799 798 796 795 800 799 799 798 800 798 797 797 798 799
964 961 960 960 960 957 954 951 948 945 941 939 936 933 930 928 925 923 920 917 914 911 908 904 901 898 895 891 888 885 881 877 872 868 864 859 856 852 850 847 845 844 844 844 844 844 844 844 848 856 863 868 870 870 869 861 854 846 839 832 826 820 819 817 816 814 813 811 809 806 803 800 799 797 795 794 794 793 792 792 792 792 794 795
966 962 959 957 955 953 951 949 947 944 942 939 937 934 932 929 926 923 921 918 915 912 910 907 904 901 898 894 889 885 881 877 874 870 866 862 858 853 849 847 845 844 844 844 844 844 844 847 851 858 863 868 870 870 870 864 856 848 840 833 828 821 819 818 817 816 814 813 812 811 808 805 803 800 797 796 796 794 794 793 793 792 792 790
971 968 964 961 958 956 954 951 949 946 944 941 938 935 933 930 927 924 921 918 916 913 910 907 905 902 899 895 891 887 883 879 875 871 867 863 859 855 852 849 846 844 844 844 844 844 846 851 857 864 870 871 871 871 871 861 854 847 839 833 827 821 819 818 817 816 815 814 813 811 810 807 805 803 800 799 798 797 796 795 794 793 792 791
975 972 969 967 964 961 958 955 952 949 946 943 940 937 934 931 928 925 922 919 917 914 911 908 906 903 900 896 892 887 883 879 876 873 869 865 862 857 853 849 847 845 844 844 844 846 850 856 863 870 873 876 874 872 870 862 855 848 840 834 828 822 820 819 818 817 816 815 814 813 812 810 808 806 804 802 800 799 798 797 796 795 794 793
980 978 974 971 968 965 961 958 954 950 947 944 940 938 935 932 930 928 925 922 920 917 914 910 906 903 900 896 892 889 885 881 877 874 870 866 862 858 854 850 847 845 844 844 845 849 854 860 866 871 875 878 878 875 871 867 862 855 849 843 835 825 820 819 818 817 816 814 813 812 811 810 809 807 806 804 803 801 800 799 798 797 796 795
984 982 979 976 972 969 966 963 960 955 950 946 941 939 936 934 932 930 927 924 922 919 916 912 909 906 902 898 895 892 889 885 882 877 873 869 864 860 855 850 848 845 844 844 847 851 856 862 870 874 878 881 883 881 877 872 868 863 857 850 843 834 825 820 818 817 816 814 813 812 810 809 808 807 806 805 804 803 802 801 800 799 797 796
988 984 982 979 976 972 969 966 963 959 955 950 945 941 938 935 933 931 929 926 924 922 919 916 912 908 905 901 897 894 891 886 883 879 876 871 867 863 858 853 849 848 846 848 853 858 863 870 877 881 885 888 890 887 882 877 872 867 862 854 845 837 827 820 818 817 815 813 812 810 809 809 808 807 806 805 804 803 803 802 801 800 798 797
992 989 987 984 982 979 975 970 965 961 957 954 950 945 942 939 936 934 931 929 926 924 921 918 915 911 908 905 901 898 894 889 885 882 878 874 870 867 863 859 852 850 850 852 857 865 875 881 886 891 891 890 890 890 886 881 875 869 863 855 845 834 825 819 815 811 810 810 809 808 808 807 806 805 805 804 803 803 802 801 801 799 798 797
999 996 992 988 985 983 979 975 971 967 963 958 954 950 947 943 939 938 935 933 930 927 924 922 919 915 912 908 905 900 896 893 889 886 882 878 874 869 865 861 855 850 850 858 865 874 881 888 892 896 895 893 892 890 886 881 875 868 862 851 840 830 820 814 810 810 809 809 808 807 807 806 806 805 804 804 803 803 802 801 801 800 799 798
1003 1002 999 995 991 987 983 980 976 971 967 963 959 956 953 950 947 944 940 937 934 931 928 925 922 919 914 911 907 904 900 897 894 890 887 884 881 875 870 864 859 855 857 864 871 877 883 890 896 900 899 897 894 892 889 885 880 870 861 847 834 824 816 810 810 809 809 808 807 807 806 806 805 805 804 804 803 802 802 801 800 800 799 798
1005 1003 1002 999 995 991 988 984 981 979 974 969 963 959 957 956 951 948 944 941 938 934 931 927 924 920 917 914 911 907 904 901 898 894 891 887 884 880 874 869 863 859 862 866 871 876 882 888 893 896 896 896 896 894 890 886 883 880 869 856 840 824 815 810 810 809 808 808 807 807 806 805 805 804 804 803 802 802 801 801 800 799 798 797
1007 1005 1003 1000 997 994 990 986 984 981 977 973 970 966 960 961 958 954 949 945 941 938 933 930 926 922 919 917 914 911 908 905 903 900 895 890 885 881 876 872 867 864 864 869 873 877 882 886 890 894 898 900 900 900 899 896 896 887 879 865 852 837 823 812 810 809 809 808 808 807 806 806 805 805 804 803 803 802 802 801 800 800 799 798
1000 1000 1000 1000 998 995 992 989 988 986 984 980 977 973 970 966 963 959 954 950 946 942 938 934 931 927 923 920 917 914 910 907 904 901 897 892 888 884 880 875 871 867 868 872 876 880 885 890 893 896 900 902 904 902 900 896 893 890 884 876 866 852 836 822 810 810 809 809 808 807 807 806 806 805 805 804 803 803 802 802 801 801 800 799
1001 1000 1000 999 999 999 996 992 992 991 990 985 979 975 972 968 964 960 956 952 947 942 940 937 934 930 926 923 919 916 914 910 908 905 902 898 894 889 885 881 874 870 870 874 878 881 885 889 893 897 901 905 908 908 908 905 901 895 890 883 875 866 857 844 829 810 810 809 809 808 808 807 807 806 806 805 805 804 803 803 802 802 801 801
1005 1000 1000 1000 1000 1000 1000 998 996 994 992 990 985 978 974 969 965 961 957 952 948 943 942 940 937 934 931 928 924 920 916 913 909 906 902 899 895 891 886 882 874 870 870 874 877 880 884 889 893 897 902 905 909 911 912 910 906 902 894 887 882 876 868 858 845 829 810 810 809 809 808 808 807 806 806 805 805 804 804 803 803 802 801 801
1009 1005 1000 1000 999 999 998 997 995 994 992 991 986 980 976 971 967 962 958 954 950 945 944 942 939 936 933 930 927 923 920 916 912 908 903 899 895 890 886 881 875 870 870 874 876 880 883 886 890 893 896 899 903 903 905 905 902 897 891 886 883 881 875 867 857 838 819 814 813 812 811 810 809 808 808 807 806 805 804 803 802 801 800 799
1012 1008 1004 1000 998 995 993 993 992 992 991 987 983 980 976 971 967 963 960 955 950 946 945 943 941 937 934 931 928 924 920 917 913 909 905 901 896 890 885 880 875 871 870 873 875 878 881 884 887 889 891 893 895 895 898 901 899 894 888 884 882 878 872 866 859 840 825 810 808 807 807 806 804 804 802 802 802 802 801 801 800 799 798 797
1011 1004 1000 996 994 991 989 988 986 985 983 982 979 976 973 970 967 964 960 956 952 948 946 944 941 937 933 928 924 920 917 914 910 907 904 901 895 888 881 875 870 868 868 871 873 875 878 881 883 883 885 886 887 889 892 894 891 888 884 881 875 870 865 858 848 836 823 812 808 808 808 809 807 806 804 801 800 800 800 799 798 797 796 795
1004 997 990 987 985 983 982 980 979 977 975 973 971 969 967 965 963 960 958 955 952 949 947 945 942 940 936 932 927 923 919 915 911 908 904 899 893 886 880 875 870 866 864 865 866 869 871 874 876 875 878 880 882 884 884 885 884 883 881 876 870 865 857 849 840 832 823 812 810 810 812 812 813 810 807 800 800 800 799 798 798 796 795 794
1001 991 981 978 978 976 975 974 972 971 969 968 966 965 963 962 960 959 956 954 952 950 948 945 942 939 936 933 930 927 923 920 915 910 905 900 894 888 882 876 870 864 861 860 860 860 862 861 862 865 868 870 873 876 873 871 869 866 864 862 857 847 839 832 824 820 815 812 816 816 816 818 818 816 813 810 804 800 799 798 797 796 795 794
991 984 979 975 974 973 972 970 969 968 966 965 964 963 961 960 959 957 955 953 950 949 946 944 942 940 937 933 930 927 924 920 915 909 904 898 890 883 874 868 862 860 860 860 860 860 860 860 860 860 860 860 860 860 857 854 851 848 844 839 830 820 819 817 816 814 820 820 820 820 820 820 821 821 821 819 813 806 800 799 798 796 795 794
986 980 975 971 970 969 968 967 966 965 964 962 961 960 958 957 955 954 952 950 949 946 944 942 940 936 932 928 925 922 916 910 904 899 894 889 883 875 868 860 860 859 858 858 857 856 855 856 855 854 853 853 852 850 846 841 838 835 832 829 826 823 823 823 824 822 822 823 824 824 824 824 823 822 823 823 821 815 808 802 799 797 796 794
981 975 970 967 966 966 965 964 963 962 961 960 959 957 955 953 952 950 947 945 942 940 938 934 932 929 926 923 919 910 900 897 894 890 886 882 877 870 866 861 860 859 859 858 858 857 857 856 856 855 857 857 855 853 851 850 847 842 841 840 835 831 830 831 830 828 826 827 828 828 827 827 826 826 825 825 823 820 815 809 803 799 797 795
968 966 961 963 963 962 961 961 960 959 957 956 954 953 952 951 949 947 945 943 941 938 935 931 928 924 921 914 905 899 896 893 890 887 884 881 875 870 867 865 862 859 860 860 861 863 863 863 863 863 864 864 862 860 858 855 851 848 846 844 842 840 837 835 834 833 832 830 834 833 831 830 829 828 829 828 825 823 819 814 808 802 799 796
962 960 960 959 958 957 956 955 954 953 951 950 950 950 950 951 950 950 949 946 944 941 935 925 919 916 912 908 904 900 897 894 891 888 885 882 877 872 869 867 863 861 863 866 868 870 870 868 867 868 870 870 868 866 862 861 858 854 851 849 846 844 841 838 838 837 836 836 838 835 832 830 830 830 829 829 826 823 820 815 811 806 802 796
987 985 983 980 974 973 971 967 965 963 961 959 957 955 954 953 952 952 951 950 945 938 930 920 918 916 913 910 908 905 902 899 895 892 888 885 880 874 870 868 867 865 867 869 870 870 870 870 870 870 871 873 871 868 866 865 862 859 857 855 851 849 846 844 841 840 840 841 841 840 835 831 830 830 830 828 825 822 819 815 811 808 804 800
1002 999 996 993 989 985 982 979 975 972 969 966 962 960 958 956 954 953 951 945 939 934 928 920 919 917 915 913 912 910 907 904 901 897 892 887 883 879 874 870 869 868 869 870 870 870 870 871 872 874 875 876 876 872 870 869 867 865 862 860 857 854 851 848 845 845 845 843 842 841 838 835 832 830 830 829 827 824 822 818 814 810 806 802
