app/alps_05.asc
ncols        346
nrows        249
xllcorner    9.206805555556
yllcorner    46.199583333333
cellsize     0.000277777778
NODATA_value -9999
[rows 152 to 189 of 249, columns 252 to 335 of 346]
1718 1723 1731 1735 1735 1734 1733 1736 1742 1745 1751 1755 1760 1764 1772 1777 1783 1793 1801 1804 1803 1798 1783 1772 1763 1754 1744 1733 1721 1713 1714 1720 1731 1741 1748 1750 1747 1738 1722 1702 1694 1687 1680 1676 1673 1668 1663 1659 1653 1649 1652 1655 1658 1660 1662 1659 1660 1662 1669 1674 1680 1686 1693 1699 1711 1721 1731 1740 1747 1754 1767 1795 1810 1824 1838 1851 1865 1878 1892 1907 1925 1944 1962 1981
1700 1705 1711 1714 1715 1714 1713 1717 1723 1728 1734 1739 1742 1745 1749 1753 1756 1762 1771 1776 1775 1769 1765 1759 1749 1740 1732 1722 1711 1698 1694 1695 1703 1711 1720 1721 1717 1704 1694 1684 1677 1670 1666 1659 1654 1648 1642 1638 1638 1633 1635 1637 1639 1642 1644 1643 1647 1651 1654 1659 1665 1673 1681 1692 1702 1711 1720 1731 1741 1750 1758 1778 1796 1809 1826 1843 1859 1875 1890 1908 1929 1950 1970 1993
1684 1688 1692 1694 1695 1694 1694 1697 1704 1709 1713 1717 1722 1725 1728 1731 1736 1740 1744 1749 1752 1749 1746 1742 1739 1726 1715 1704 1697 1688 1678 1677 1684 1689 1694 1696 1690 1684 1677 1670 1664 1656 1646 1639 1636 1633 1629 1625 1621 1620 1623 1625 1627 1629 1632 1631 1633 1636 1638 1641 1650 1661 1670 1679 1689 1701 1712 1723 1730 1738 1753 1771 1786 1800 1817 1835 1852 1870 1888 1908 1929 1948 1972 1993
1667 1670 1673 1676 1676 1677 1677 1680 1684 1692 1695 1698 1700 1705 1707 1705 1708 1714 1718 1722 1726 1726 1722 1722 1720 1713 1703 1690 1677 1668 1659 1662 1667 1673 1677 1677 1673 1669 1665 1661 1651 1639 1629 1624 1620 1618 1615 1613 1610 1609 1610 1612 1614 1615 1617 1620 1620 1624 1629 1634 1640 1649 1657 1667 1678 1698 1707 1714 1722 1736 1749 1765 1784 1803 1820 1839 1856 1874 1891 1910 1930 1950 1970 1990
1655 1657 1659 1660 1660 1660 1660 1663 1668 1673 1677 1681 1683 1685 1685 1681 1684 1690 1693 1696 1698 1698 1693 1695 1696 1694 1685 1676 1664 1653 1643 1648 1654 1660 1663 1665 1663 1662 1655 1646 1636 1625 1616 1609 1600 1603 1599 1597 1595 1592 1592 1594 1594 1593 1592 1598 1603 1609 1614 1621 1629 1638 1648 1660 1671 1684 1697 1709 1719 1731 1743 1760 1780 1801 1819 1836 1853 1870 1889 1907 1924 1942 1960 1979
1645 1648 1650 1651 1651 1650 1650 1652 1655 1658 1658 1660 1660 1662 1662 1662 1665 1668 1670 1674 1672 1670 1667 1671 1673 1672 1666 1660 1648 1635 1620 1630 1638 1645 1648 1652 1648 1644 1640 1631 1621 1611 1601 1597 1592 1588 1583 1578 1575 1575 1576 1577 1578 1579 1580 1584 1591 1597 1604 1612 1620 1630 1640 1651 1663 1675 1690 1706 1716 1729 1741 1753 1776 1794 1809 1822 1836 1850 1865 1880 1893 1908 1933 1954
1635 1640 1640 1639 1638 1640 1638 1636 1641 1643 1640 1639 1640 1640 1638 1640 1643 1647 1649 1652 1650 1649 1646 1648 1650 1654 1650 1644 1632 1615 1598 1607 1621 1626 1629 1630 1631 1627 1623 1612 1600 1594 1587 1581 1573 1565 1560 1558 1556 1557 1559 1562 1566 1568 1572 1576 1578 1582 1590 1597 1610 1623 1632 1641 1654 1671 1688 1702 1714 1725 1735 1746 1758 1780 1801 1815 1826 1841 1853 1866 1880 1892 1909 1934
1621 1625 1626 1625 1624 1622 1622 1618 1621 1621 1620 1618 1617 1615 1615 1617 1618 1620 1626 1632 1632 1626 1620 1622 1627 1631 1630 1623 1611 1595 1581 1592 1601 1604 1607 1610 1614 1608 1602 1596 1587 1580 1574 1566 1559 1553 1547 1542 1539 1536 1538 1542 1544 1551 1558 1559 1565 1572 1581 1590 1600 1612 1626 1639 1652 1668 1684 1700 1709 1717 1727 1740 1750 1765 1783 1800 1816 1832 1849 1864 1879 1895 1913 1931
1610 1612 1612 1612 1613 1612 1611 1608 1601 1600 1601 1600 1598 1595 1594 1593 1595 1595 1600 1605 1608 1602 1595 1598 1602 1606 1605 1600 1587 1574 1566 1573 1580 1582 1586 1589 1591 1591 1586 1580 1575 1569 1564 1556 1547 1537 1530 1523 1522 1516 1514 1519 1529 1540 1543 1546 1553 1560 1570 1580 1590 1599 1621 1636 1648 1660 1673 1692 1705 1714 1721 1730 1739 1751 1763 1776 1787 1800 1820 1849 1870 1896 1910 1922
1597 1594 1594 1595 1599 1600 1600 1594 1586 1580 1579 1577 1577 1576 1573 1572 1576 1575 1575 1578 1580 1577 1571 1571 1578 1580 1583 1579 1568 1555 1546 1552 1560 1565 1565 1564 1564 1568 1562 1560 1556 1551 1549 1545 1536 1528 1520 1508 1500 1498 1497 1502 1522 1533 1536 1535 1542 1552 1562 1572 1581 1596 1620 1629 1641 1653 1663 1674 1689 1703 1711 1720 1726 1735 1746 1760 1773 1790 1807 1831 1856 1880 1901 1908
1556 1560 1562 1560 1565 1568 1567 1564 1559 1550 1552 1553 1553 1554 1556 1554 1557 1555 1554 1551 1549 1547 1546 1547 1550 1553 1557 1560 1552 1538 1524 1531 1539 1545 1545 1544 1541 1546 1545 1545 1544 1543 1540 1535 1528 1521 1511 1502 1497 1491 1491 1501 1520 1521 1519 1525 1533 1542 1557 1568 1581 1600 1612 1624 1634 1644 1654 1663 1672 1683 1692 1698 1706 1719 1731 1744 1764 1786 1805 1823 1840 1859 1879 1893
1524 1526 1528 1534 1536 1538 1538 1538 1531 1522 1525 1529 1532 1534 1537 1534 1537 1534 1531 1528 1525 1524 1518 1517 1519 1525 1529 1534 1531 1519 1504 1508 1517 1526 1526 1523 1526 1530 1527 1524 1522 1524 1525 1525 1522 1515 1506 1495 1485 1479 1486 1501 1508 1503 1502 1516 1527 1539 1549 1560 1575 1594 1607 1616 1626 1636 1646 1655 1663 1668 1674 1681 1688 1696 1713 1737 1755 1773 1793 1807 1824 1839 1854 1871
1493 1495 1495 1496 1498 1503 1506 1505 1500 1497 1501 1505 1508 1511 1512 1511 1513 1512 1510 1509 1505 1502 1494 1493 1496 1499 1504 1512 1513 1505 1495 1489 1500 1508 1502 1499 1503 1509 1511 1508 1505 1508 1510 1512 1510 1505 1499 1488 1478 1472 1478 1497 1498 1491 1495 1506 1523 1534 1545 1557 1570 1583 1601 1611 1622 1632 1639 1645 1649 1652 1657 1660 1673 1686 1710 1728 1750 1770 1789 1804 1816 1827 1839 1848
1474 1477 1477 1479 1478 1478 1477 1476 1474 1472 1480 1481 1482 1486 1487 1485 1483 1487 1488 1483 1480 1478 1472 1470 1474 1478 1483 1489 1495 1490 1481 1471 1473 1484 1480 1478 1480 1486 1490 1489 1486 1490 1494 1500 1501 1497 1488 1480 1473 1463 1462 1470 1470 1479 1490 1500 1514 1526 1537 1548 1561 1575 1592 1606 1617 1624 1628 1631 1630 1630 1633 1646 1663 1680 1700 1722 1737 1761 1779 1796 1809 1820 1825 1819
1457 1459 1459 1459 1458 1457 1456 1456 1454 1452 1453 1455 1457 1458 1460 1462 1459 1462 1462 1460 1455 1450 1447 1449 1452 1454 1457 1461 1471 1471 1465 1454 1452 1459 1459 1462 1465 1467 1469 1471 1469 1468 1471 1475 1479 1479 1475 1469 1464 1453 1445 1445 1455 1466 1477 1495 1511 1522 1530 1541 1552 1565 1583 1602 1610 1616 1614 1609 1604 1606 1618 1640 1656 1673 1692 1712 1726 1745 1764 1779 1797 1804 1802 1796
1436 1441 1442 1440 1439 1439 1438 1436 1434 1432 1428 1429 1433 1434 1436 1436 1435 1438 1438 1433 1428 1423 1419 1422 1426 1430 1436 1439 1443 1445 1443 1435 1432 1441 1443 1443 1444 1446 1451 1453 1448 1447 1454 1458 1463 1465 1463 1457 1446 1437 1429 1429 1439 1455 1468 1482 1500 1510 1520 1532 1546 1558 1574 1589 1599 1602 1590 1580 1573 1576 1600 1623 1644 1657 1673 1691 1714 1727 1735 1743 1754 1759 1764 1767
1406 1412 1418 1413 1409 1405 1406 1406 1406 1404 1399 1398 1403 1403 1404 1410 1408 1409 1410 1411 1409 1403 1397 1400 1403 1407 1410 1414 1418 1422 1421 1415 1412 1422 1424 1424 1428 1429 1431 1432 1429 1430 1434 1439 1442 1444 1443 1438 1428 1419 1413 1420 1430 1439 1452 1466 1478 1495 1511 1524 1537 1549 1560 1569 1565 1560 1555 1547 1537 1543 1567 1594 1616 1632 1645 1658 1675 1693 1702 1706 1708 1714 1720 1727
1376 1382 1388 1388 1386 1383 1380 1380 1379 1378 1380 1374 1377 1381 1384 1388 1388 1384 1387 1389 1390 1386 1383 1382 1383 1386 1389 1392 1395 1398 1399 1395 1396 1402 1402 1400 1405 1408 1412 1408 1406 1407 1416 1422 1430 1428 1423 1419 1409 1399 1397 1411 1423 1431 1440 1457 1472 1488 1504 1516 1524 1532 1538 1540 1532 1520 1515 1507 1498 1505 1528 1550 1574 1600 1607 1615 1623 1637 1645 1655 1665 1677 1686 1696
1360 1363 1365 1364 1364 1362 1360 1357 1355 1355 1356 1354 1356 1360 1360 1365 1369 1363 1363 1368 1368 1366 1361 1358 1362 1366 1369 1372 1376 1378 1375 1370 1376 1381 1382 1384 1385 1389 1391 1391 1388 1391 1399 1408 1417 1418 1409 1399 1387 1377 1378 1392 1408 1422 1433 1444 1461 1471 1479 1488 1493 1500 1500 1502 1497 1490 1482 1475 1472 1483 1497 1511 1526 1542 1555 1573 1587 1600 1600 1620 1629 1637 1646 1658
1341 1345 1346 1346 1344 1344 1342 1340 1334 1336 1337 1335 1337 1341 1339 1344 1348 1346 1346 1350 1348 1344 1341 1338 1342 1344 1347 1352 1354 1354 1352 1354 1360 1361 1363 1366 1367 1368 1370 1371 1371 1374 1379 1387 1397 1400 1394 1382 1360 1354 1362 1377 1400 1412 1423 1434 1443 1451 1458 1458 1459 1460 1460 1460 1458 1454 1446 1437 1440 1460 1473 1500 1510 1522 1533 1545 1556 1567 1574 1583 1595 1600 1604 1616
1329 1328 1325 1324 1320 1319 1320 1320 1317 1316 1314 1311 1313 1317 1317 1321 1325 1325 1328 1330 1329 1325 1320 1315 1320 1324 1329 1333 1332 1331 1329 1337 1341 1346 1348 1348 1347 1348 1349 1351 1350 1342 1348 1362 1367 1371 1364 1355 1340 1334 1340 1364 1385 1404 1413 1421 1424 1425 1428 1432 1434 1438 1434 1433 1428 1424 1415 1400 1416 1440 1457 1474 1486 1495 1500 1513 1526 1536 1546 1557 1569 1575 1582 1588
1318 1312 1307 1304 1300 1299 1299 1299 1300 1297 1296 1296 1296 1296 1295 1300 1303 1300 1303 1309 1312 1308 1300 1294 1297 1300 1304 1310 1307 1300 1308 1317 1320 1326 1327 1327 1327 1328 1330 1330 1325 1318 1315 1326 1339 1344 1335 1325 1315 1312 1326 1348 1369 1385 1400 1403 1403 1402 1400 1400 1406 1406 1404 1402 1399 1393 1386 1385 1400 1417 1438 1451 1463 1471 1480 1489 1497 1511 1525 1534 1543 1550 1559 1565
1307 1300 1298 1296 1294 1293 1292 1291 1289 1286 1284 1285 1286 1284 1283 1286 1290 1288 1289 1290 1291 1289 1284 1279 1279 1283 1290 1292 1291 1290 1295 1299 1300 1302 1305 1307 1306 1304 1309 1307 1303 1299 1294 1303 1315 1320 1312 1300 1294 1292 1302 1323 1349 1362 1370 1377 1383 1381 1382 1382 1384 1383 1382 1377 1375 1371 1365 1374 1388 1400 1417 1430 1441 1450 1460 1470 1482 1494 1504 1512 1522 1527 1533 1541
1300 1297 1295 1292 1289 1286 1284 1282 1280 1277 1275 1277 1275 1272 1273 1275 1278 1277 1275 1276 1278 1276 1274 1272 1271 1274 1279 1278 1277 1281 1283 1285 1285 1286 1288 1291 1289 1286 1288 1287 1286 1283 1280 1284 1293 1296 1292 1284 1278 1280 1289 1298 1316 1336 1352 1362 1365 1366 1367 1366 1366 1364 1363 1361 1357 1354 1355 1366 1377 1389 1403 1414 1424 1432 1443 1455 1465 1471 1480 1490 1500 1502 1500 1514
1293 1288 1283 1280 1278 1276 1275 1273 1271 1269 1268 1267 1263 1260 1263 1265 1267 1267 1263 1264 1265 1265 1266 1265 1262 1261 1267 1265 1266 1269 1270 1272 1268 1270 1273 1274 1274 1272 1271 1271 1273 1271 1268 1268 1274 1279 1276 1268 1265 1271 1280 1291 1300 1316 1328 1338 1346 1346 1346 1346 1348 1347 1344 1341 1333 1337 1345 1355 1365 1375 1383 1390 1396 1408 1424 1435 1444 1454 1461 1467 1474 1480 1487 1493
1287 1284 1281 1278 1276 1273 1270 1266 1263 1260 1260 1259 1258 1257 1256 1257 1257 1257 1255 1255 1257 1257 1258 1257 1256 1255 1255 1256 1256 1258 1258 1255 1255 1256 1258 1259 1260 1260 1258 1260 1261 1260 1257 1255 1257 1262 1262 1256 1255 1263 1272 1282 1292 1303 1315 1321 1323 1327 1330 1328 1326 1320 1315 1312 1314 1324 1334 1345 1353 1361 1367 1375 1382 1393 1403 1415 1424 1432 1440 1450 1460 1464 1470 1476
1277 1274 1273 1269 1267 1264 1260 1259 1258 1256 1255 1254 1253 1251 1250 1250 1251 1250 1248 1249 1250 1251 1252 1251 1250 1247 1244 1247 1248 1250 1248 1245 1246 1246 1246 1247 1247 1245 1243 1245 1246 1245 1244 1242 1243 1246 1244 1240 1245 1254 1262 1271 1280 1290 1300 1303 1306 1311 1315 1310 1305 1300 1294 1293 1301 1313 1323 1331 1338 1344 1352 1359 1367 1377 1387 1397 1407 1416 1423 1430 1436 1447 1458 1464
1268 1267 1265 1263 1262 1260 1259 1257 1255 1254 1252 1250 1249 1247 1245 1246 1245 1244 1242 1242 1243 1244 1245 1244 1243 1240 1233 1236 1238 1237 1235 1232 1234 1235 1234 1234 1233 1234 1232 1232 1232 1231 1231 1230 1227 1228 1225 1227 1234 1240 1247 1254 1259 1267 1274 1280 1289 1295 1300 1293 1284 1278 1277 1284 1292 1300 1307 1315 1322 1327 1334 1344 1352 1360 1371 1381 1386 1391 1396 1402 1419 1427 1437 1446
1260 1259 1257 1256 1255 1253 1252 1250 1249 1248 1246 1245 1244 1242 1241 1240 1238 1236 1235 1233 1231 1229 1227 1226 1224 1222 1220 1220 1222 1221 1219 1217 1217 1218 1219 1220 1219 1221 1220 1219 1218 1218 1217 1216 1214 1215 1214 1216 1222 1224 1224 1227 1234 1245 1250 1257 1262 1264 1263 1260 1256 1259 1264 1272 1281 1286 1291 1296 1297 1299 1313 1324 1333 1342 1353 1360 1366 1373 1380 1395 1404 1413 1421 1427
1268 1266 1264 1261 1259 1258 1256 1255 1254 1252 1251 1249 1248 1245 1244 1243 1242 1240 1238 1235 1233 1230 1227 1225 1222 1220 1220 1215 1210 1205 1202 1203 1200 1200 1201 1204 1204 1205 1207 1208 1207 1206 1206 1205 1203 1200 1202 1205 1206 1208 1209 1210 1214 1218 1225 1233 1234 1233 1231 1230 1237 1244 1251 1259 1263 1267 1271 1275 1280 1285 1290 1295 1303 1320 1332 1343 1352 1360 1369 1380 1390 1398 1405 1411
1280 1278 1274 1271 1269 1267 1263 1260 1259 1257 1255 1253 1251 1250 1248 1246 1245 1243 1241 1240 1240 1239 1239 1238 1237 1235 1230 1225 1218 1206 1200 1198 1196 1195 1193 1192 1190 1192 1194 1196 1197 1196 1195 1194 1193 1191 1193 1195 1196 1197 1199 1199 1201 1203 1204 1204 1200 1199 1206 1213 1222 1229 1237 1242 1247 1252 1258 1261 1265 1271 1277 1286 1295 1305 1316 1323 1331 1339 1351 1360 1368 1375 1383 1388
1291 1290 1288 1280 1279 1277 1275 1273 1271 1270 1268 1266 1263 1263 1263 1260 1257 1255 1253 1251 1249 1246 1244 1245 1246 1240 1236 1231 1227 1222 1213 1203 1197 1192 1187 1182 1180 1180 1180 1180 1181 1182 1184 1183 1182 1181 1185 1188 1190 1191 1192 1193 1193 1194 1192 1191 1191 1194 1199 1205 1212 1218 1222 1226 1231 1235 1239 1243 1249 1255 1260 1270 1280 1288 1295 1300 1311 1322 1330 1339 1345 1355 1360 1362
1313 1312 1309 1300 1298 1293 1287 1281 1279 1278 1277 1276 1273 1274 1275 1272 1268 1265 1262 1260 1259 1259 1257 1255 1253 1251 1250 1246 1242 1236 1227 1219 1214 1207 1202 1193 1185 1180 1179 1178 1177 1176 1174 1174 1173 1174 1179 1181 1182 1182 1183 1183 1183 1184 1183 1182 1182 1188 1195 1201 1204 1208 1211 1214 1218 1221 1225 1229 1233 1237 1240 1251 1259 1267 1275 1286 1293 1303 1313 1321 1328 1334 1340 1345
1349 1345 1340 1334 1330 1325 1319 1314 1309 1304 1298 1293 1291 1295 1295 1289 1283 1280 1276 1274 1271 1269 1266 1264 1262 1263 1265 1261 1255 1249 1244 1238 1231 1225 1218 1203 1196 1190 1183 1179 1174 1172 1168 1166 1163 1165 1168 1171 1174 1173 1172 1173 1172 1171 1170 1169 1171 1177 1183 1190 1196 1202 1205 1207 1210 1214 1217 1219 1223 1227 1231 1235 1239 1247 1256 1267 1280 1288 1296 1305 1315 1322 1325 1325
1378 1373 1368 1360 1360 1355 1351 1344 1341 1336 1331 1325 1323 1328 1329 1325 1321 1314 1309 1304 1300 1288 1279 1275 1280 1282 1284 1280 1273 1265 1260 1256 1250 1244 1236 1225 1213 1199 1195 1190 1185 1180 1171 1163 1160 1159 1158 1159 1160 1160 1157 1157 1156 1156 1154 1156 1159 1164 1168 1174 1179 1184 1185 1186 1186 1189 1192 1196 1199 1203 1208 1215 1221 1229 1237 1246 1255 1265 1278 1287 1295 1303 1307 1307
1417 1411 1404 1398 1396 1392 1387 1377 1373 1368 1363 1358 1360 1363 1362 1356 1352 1349 1346 1342 1340 1325 1309 1296 1305 1309 1313 1305 1296 1290 1284 1277 1270 1264 1257 1245 1236 1226 1219 1213 1207 1200 1188 1178 1170 1162 1159 1156 1152 1149 1146 1144 1140 1140 1140 1140 1145 1151 1156 1160 1162 1168 1169 1170 1171 1172 1173 1177 1180 1185 1191 1197 1206 1215 1223 1227 1233 1238 1249 1259 1269 1278 1285 1283
1453 1446 1445 1440 1435 1425 1419 1415 1411 1405 1400 1394 1398 1400 1400 1400 1396 1388 1384 1382 1376 1359 1340 1340 1340 1342 1345 1340 1331 1324 1314 1298 1296 1290 1280 1266 1256 1247 1238 1232 1225 1215 1203 1185 1177 1173 1168 1163 1159 1155 1152 1147 1143 1140 1138 1136 1135 1135 1141 1144 1147 1150 1154 1157 1161 1159 1157 1158 1160 1166 1171 1176 1187 1190 1191 1199 1209 1218 1224 1230 1236 1243 1242 1237
1480 1477 1475 1469 1465 1460 1455 1449 1445 1440 1434 1423 1426 1431 1437 1435 1432 1428 1424 1421 1410 1390 1377 1380 1378 1380 1378 1375 1372 1368 1354 1343 1340 1337 1309 1293 1281 1270 1258 1249 1240 1230 1220 1208 1196 1186 1179 1173 1167 1162 1158 1155 1151 1147 1143 1138 1123 1120 1120 1122 1125 1129 1135 1137 1140 1142 1142 1139 1138 1142 1148 1153 1158 1162 1170 1176 1181 1187 1194 1200 1210 1210 1209 1205
