app/alps_09.asc
ncols        112
nrows        97
xllcorner    9.132083333333
yllcorner    46.879861111112
cellsize     0.000277777778
NODATA_value -9999
[rows 38 to 75 of 97, columns 0 to 83 of 112]
1191 1203 1209 1211 1215 1216 1215 1213 1213 1212 1212 1212 1211 1215 1219 1222 1225 1228 1230 1233 1236 1240 1246 1252 1259 1260 1260 1265 1271 1277 1288 1301 1320 1330 1341 1354 1365 1376 1381 1385 1387 1390 1393 1396 1393 1387 1381 1374 1366 1359 1360 1350 1340 1338 1338 1347 1360 1377 1391 1405 1420 1432 1445 1463 1480 1487 1474 1475 1505 1534 1564 1574 1582 1594 1604 1617 1628 1643 1655 1667 1681 1696 1716 1737
1197 1220 1217 1220 1220 1220 1220 1218 1216 1215 1215 1215 1217 1220 1223 1226 1229 1232 1235 1238 1242 1247 1252 1256 1261 1264 1269 1271 1279 1286 1294 1305 1321 1337 1348 1359 1368 1378 1389 1400 1404 1408 1412 1415 1409 1404 1398 1394 1385 1379 1381 1370 1358 1351 1346 1352 1363 1375 1389 1404 1416 1430 1446 1467 1491 1507 1504 1491 1514 1528 1543 1555 1567 1578 1588 1598 1624 1648 1672 1697 1713 1726 1745 1761
1206 1220 1222 1222 1223 1222 1221 1220 1219 1219 1220 1220 1221 1223 1226 1230 1233 1237 1241 1245 1249 1254 1257 1262 1268 1274 1280 1282 1281 1287 1296 1307 1317 1332 1346 1360 1371 1383 1392 1402 1411 1420 1424 1429 1429 1430 1428 1423 1415 1404 1394 1385 1376 1364 1359 1358 1360 1374 1386 1400 1419 1434 1453 1470 1493 1517 1535 1522 1524 1533 1544 1556 1571 1590 1608 1631 1655 1679 1701 1716 1730 1745 1760 1774
1211 1225 1229 1228 1226 1224 1222 1220 1220 1221 1222 1222 1226 1229 1231 1235 1238 1242 1247 1252 1257 1262 1266 1271 1276 1281 1288 1292 1294 1297 1295 1302 1314 1327 1341 1355 1368 1382 1399 1410 1421 1430 1439 1442 1446 1449 1450 1445 1438 1424 1412 1401 1385 1379 1378 1375 1372 1376 1388 1402 1423 1443 1461 1479 1498 1517 1533 1541 1548 1560 1573 1584 1593 1608 1633 1654 1673 1695 1711 1725 1738 1752 1766 1780
1213 1226 1230 1230 1230 1229 1228 1227 1227 1227 1228 1229 1230 1232 1235 1237 1240 1245 1251 1256 1261 1267 1272 1276 1282 1289 1296 1303 1308 1309 1310 1312 1313 1323 1333 1344 1359 1375 1394 1413 1429 1442 1451 1460 1465 1468 1467 1462 1452 1439 1424 1407 1396 1401 1412 1400 1392 1387 1392 1405 1421 1439 1456 1475 1491 1502 1523 1543 1563 1583 1602 1617 1631 1645 1660 1675 1689 1706 1727 1749 1768 1790 1805 1819
1208 1217 1230 1230 1230 1230 1230 1231 1232 1232 1232 1234 1234 1236 1237 1239 1244 1250 1256 1262 1268 1274 1280 1288 1296 1302 1310 1320 1326 1330 1325 1330 1332 1327 1331 1346 1360 1374 1388 1401 1420 1442 1462 1480 1485 1489 1487 1478 1467 1460 1443 1425 1408 1432 1442 1435 1426 1412 1402 1411 1427 1444 1463 1484 1498 1517 1542 1561 1584 1604 1619 1633 1647 1662 1676 1691 1707 1724 1741 1758 1776 1793 1810 1828
1214 1210 1217 1230 1232 1234 1235 1236 1238 1238 1238 1239 1239 1244 1246 1251 1255 1260 1267 1274 1280 1285 1291 1295 1305 1320 1334 1336 1339 1353 1346 1341 1350 1349 1342 1347 1358 1375 1395 1414 1434 1460 1472 1488 1501 1509 1506 1498 1490 1482 1465 1448 1432 1448 1467 1473 1460 1438 1425 1430 1434 1446 1468 1490 1513 1536 1559 1580 1603 1619 1635 1650 1666 1682 1700 1724 1736 1749 1762 1775 1787 1801 1818 1835
1220 1217 1214 1220 1233 1238 1241 1243 1245 1247 1249 1251 1253 1255 1257 1259 1265 1272 1278 1287 1297 1309 1320 1320 1327 1340 1362 1372 1369 1380 1380 1369 1363 1380 1372 1367 1369 1378 1397 1416 1434 1452 1472 1488 1502 1520 1521 1516 1503 1489 1480 1464 1453 1466 1486 1487 1477 1459 1449 1453 1455 1465 1484 1502 1519 1534 1549 1565 1581 1596 1613 1631 1648 1671 1700 1700 1738 1768 1781 1793 1805 1818 1835 1849
1235 1227 1220 1219 1234 1241 1244 1247 1249 1252 1255 1258 1259 1262 1268 1274 1280 1285 1293 1302 1320 1332 1342 1357 1363 1363 1375 1388 1396 1399 1404 1397 1387 1387 1400 1387 1384 1389 1403 1427 1447 1460 1468 1478 1495 1512 1529 1532 1520 1512 1510 1490 1475 1495 1505 1498 1493 1479 1470 1471 1474 1480 1485 1494 1503 1521 1534 1550 1565 1580 1596 1613 1631 1650 1668 1685 1707 1743 1779 1811 1828 1840 1852 1864
1241 1234 1224 1229 1238 1244 1250 1255 1260 1262 1266 1270 1274 1277 1280 1285 1292 1298 1310 1328 1345 1361 1374 1383 1391 1397 1397 1398 1405 1413 1421 1422 1411 1404 1422 1420 1414 1409 1418 1443 1465 1485 1497 1505 1511 1518 1532 1544 1542 1538 1528 1505 1494 1517 1527 1522 1509 1497 1492 1489 1489 1495 1500 1508 1520 1533 1545 1560 1571 1584 1596 1609 1627 1647 1669 1687 1711 1744 1775 1807 1831 1855 1874 1889
1240 1232 1229 1236 1242 1251 1260 1264 1268 1273 1277 1281 1285 1289 1294 1298 1310 1324 1338 1360 1375 1392 1402 1413 1422 1430 1428 1419 1436 1450 1444 1448 1448 1437 1439 1460 1450 1438 1439 1451 1475 1502 1513 1525 1534 1547 1553 1559 1561 1564 1560 1529 1520 1534 1548 1537 1532 1529 1525 1510 1503 1514 1526 1536 1547 1560 1574 1587 1600 1614 1627 1640 1651 1664 1677 1692 1721 1751 1781 1806 1829 1851 1878 1900
1235 1231 1239 1246 1255 1262 1268 1273 1279 1283 1288 1294 1300 1306 1312 1318 1341 1356 1381 1397 1413 1424 1433 1443 1451 1460 1462 1460 1466 1473 1471 1473 1472 1468 1465 1471 1475 1464 1456 1455 1487 1510 1526 1541 1557 1568 1576 1580 1588 1583 1571 1553 1538 1556 1562 1566 1564 1565 1566 1554 1541 1547 1557 1567 1576 1585 1594 1604 1619 1633 1651 1668 1685 1703 1722 1742 1763 1783 1802 1819 1836 1854 1871 1887
1234 1240 1249 1260 1266 1275 1282 1287 1290 1295 1300 1306 1313 1319 1329 1342 1366 1384 1405 1425 1438 1447 1458 1468 1480 1487 1487 1489 1500 1503 1500 1500 1498 1504 1501 1502 1504 1500 1479 1459 1489 1513 1533 1552 1572 1587 1600 1607 1602 1591 1575 1560 1561 1573 1586 1600 1604 1603 1606 1600 1582 1594 1602 1606 1611 1616 1621 1628 1639 1650 1660 1677 1696 1715 1731 1748 1766 1783 1801 1822 1842 1862 1883 1906
1241 1250 1261 1268 1276 1285 1294 1301 1306 1310 1314 1318 1326 1338 1353 1366 1393 1411 1436 1454 1467 1477 1488 1498 1504 1510 1516 1522 1526 1529 1529 1529 1528 1533 1531 1533 1532 1526 1519 1508 1506 1527 1550 1571 1595 1609 1620 1624 1616 1606 1595 1589 1592 1598 1607 1618 1623 1625 1630 1626 1614 1610 1618 1626 1634 1640 1647 1655 1663 1671 1679 1685 1697 1714 1731 1749 1768 1786 1803 1823 1843 1867 1887 1909
1257 1263 1271 1278 1285 1292 1300 1311 1321 1328 1334 1343 1354 1373 1392 1405 1413 1427 1449 1471 1489 1500 1508 1515 1524 1532 1539 1545 1553 1555 1557 1558 1557 1561 1563 1562 1558 1556 1555 1554 1550 1558 1549 1573 1600 1616 1637 1641 1627 1618 1614 1615 1620 1614 1626 1640 1647 1648 1651 1644 1638 1632 1638 1648 1656 1665 1675 1687 1700 1706 1715 1724 1733 1738 1747 1756 1765 1779 1794 1814 1837 1859 1883 1906
1270 1274 1280 1287 1295 1302 1312 1321 1330 1340 1351 1365 1385 1397 1410 1423 1434 1447 1461 1476 1495 1527 1544 1551 1557 1562 1569 1575 1582 1584 1584 1585 1587 1591 1592 1588 1588 1588 1595 1600 1602 1603 1600 1579 1595 1616 1636 1653 1646 1637 1637 1641 1638 1635 1644 1655 1668 1670 1666 1663 1660 1658 1655 1667 1680 1691 1700 1704 1714 1723 1733 1741 1751 1762 1771 1779 1789 1798 1804 1817 1838 1858 1879 1900
1293 1292 1297 1305 1314 1317 1325 1334 1345 1360 1371 1384 1396 1425 1444 1464 1482 1502 1509 1522 1537 1541 1548 1575 1600 1602 1605 1605 1605 1611 1613 1614 1617 1621 1621 1615 1611 1613 1620 1624 1621 1614 1609 1605 1600 1621 1641 1658 1666 1658 1658 1658 1654 1652 1662 1669 1680 1688 1685 1682 1683 1683 1676 1688 1700 1708 1715 1725 1734 1744 1754 1764 1773 1783 1792 1803 1816 1829 1833 1832 1841 1870 1894 1911
1311 1307 1317 1333 1346 1354 1360 1366 1375 1388 1404 1414 1433 1452 1471 1490 1509 1532 1554 1576 1596 1595 1601 1611 1620 1622 1625 1626 1624 1634 1641 1643 1647 1650 1646 1641 1638 1635 1640 1647 1637 1631 1628 1624 1619 1623 1644 1657 1675 1681 1682 1682 1677 1668 1677 1688 1698 1703 1705 1708 1710 1708 1702 1699 1709 1719 1729 1742 1755 1769 1783 1797 1807 1818 1828 1839 1848 1858 1860 1861 1874 1883 1893 1906
1326 1327 1340 1357 1369 1380 1391 1400 1413 1421 1435 1450 1464 1477 1494 1514 1544 1573 1600 1613 1622 1621 1626 1631 1636 1640 1643 1649 1647 1654 1660 1663 1667 1669 1665 1659 1660 1653 1658 1660 1651 1650 1648 1647 1646 1648 1652 1670 1687 1703 1703 1701 1700 1692 1696 1704 1714 1723 1732 1735 1738 1735 1730 1726 1724 1732 1742 1759 1776 1792 1802 1814 1827 1839 1850 1863 1875 1888 1887 1887 1901 1915 1931 1940
1341 1344 1356 1372 1395 1409 1421 1432 1445 1455 1467 1480 1496 1521 1556 1587 1607 1621 1628 1633 1635 1635 1639 1646 1652 1659 1661 1664 1669 1673 1675 1680 1682 1686 1688 1679 1679 1674 1677 1673 1668 1668 1669 1668 1668 1677 1671 1687 1700 1714 1726 1723 1721 1718 1722 1731 1739 1748 1755 1758 1763 1764 1762 1757 1754 1751 1758 1773 1791 1807 1823 1839 1854 1868 1884 1900 1908 1917 1915 1916 1933 1955 1971 1986
1363 1370 1375 1385 1402 1415 1427 1440 1453 1466 1479 1504 1535 1567 1596 1617 1627 1637 1643 1646 1647 1652 1657 1663 1668 1675 1681 1684 1687 1691 1695 1699 1698 1701 1706 1701 1700 1700 1698 1693 1693 1697 1700 1700 1701 1705 1702 1700 1713 1729 1744 1749 1747 1744 1751 1757 1762 1770 1777 1784 1789 1795 1792 1790 1787 1781 1779 1782 1795 1811 1831 1850 1870 1890 1904 1918 1930 1944 1949 1952 1969 1988 2002 2013
1389 1398 1406 1419 1427 1441 1455 1467 1481 1495 1523 1555 1583 1608 1624 1637 1643 1648 1654 1659 1664 1668 1674 1681 1689 1700 1702 1706 1709 1712 1716 1720 1722 1724 1728 1726 1721 1723 1722 1719 1720 1719 1719 1720 1720 1725 1722 1728 1739 1750 1761 1772 1772 1773 1776 1782 1788 1794 1801 1808 1818 1831 1829 1827 1823 1815 1811 1805 1807 1824 1842 1859 1877 1895 1915 1937 1957 1967 1975 1981 1992 2005 2020 2031
1422 1430 1439 1448 1457 1465 1475 1487 1512 1541 1567 1594 1614 1630 1648 1661 1664 1668 1674 1678 1686 1692 1700 1702 1708 1711 1717 1722 1727 1733 1737 1742 1745 1748 1749 1748 1747 1748 1747 1744 1744 1743 1743 1742 1743 1749 1749 1748 1758 1769 1780 1790 1797 1800 1799 1804 1811 1822 1831 1843 1854 1865 1865 1861 1858 1855 1850 1842 1833 1840 1857 1873 1890 1907 1929 1950 1966 1980 1997 2003 2009 2016 2026 2037
1452 1460 1467 1475 1483 1490 1500 1509 1524 1546 1569 1592 1617 1644 1660 1671 1683 1691 1697 1702 1707 1713 1720 1724 1729 1735 1742 1746 1752 1758 1764 1764 1766 1769 1772 1772 1770 1772 1772 1771 1767 1765 1767 1769 1771 1776 1779 1771 1793 1803 1808 1810 1815 1821 1826 1830 1835 1847 1861 1874 1885 1898 1902 1900 1899 1896 1893 1883 1867 1854 1870 1886 1905 1933 1961 1973 1985 2000 2013 2024 2031 2035 2040 2039
1500 1500 1508 1520 1527 1530 1543 1550 1564 1594 1610 1621 1633 1647 1660 1677 1697 1710 1716 1723 1728 1735 1742 1749 1756 1761 1768 1775 1781 1786 1789 1787 1789 1791 1794 1796 1796 1798 1800 1797 1792 1789 1793 1795 1797 1802 1805 1800 1800 1807 1816 1825 1833 1840 1849 1857 1866 1874 1891 1903 1910 1920 1927 1925 1920 1916 1910 1905 1901 1890 1886 1898 1920 1942 1962 1976 1989 2004 2021 2026 2031 2036 2040 2040
1545 1556 1563 1572 1574 1571 1575 1587 1606 1622 1634 1641 1648 1656 1669 1683 1703 1727 1741 1748 1755 1763 1770 1778 1784 1791 1799 1802 1806 1809 1812 1811 1813 1813 1815 1817 1819 1819 1821 1819 1815 1813 1817 1822 1827 1832 1835 1829 1820 1830 1839 1849 1859 1870 1880 1888 1888 1901 1911 1921 1931 1939 1949 1953 1947 1941 1933 1928 1922 1915 1905 1923 1938 1956 1972 1978 1991 2007 2021 2027 2032 2036 2040 2040
1582 1580 1587 1601 1616 1624 1624 1626 1642 1653 1661 1666 1671 1675 1680 1695 1718 1742 1764 1772 1779 1785 1790 1796 1802 1807 1810 1816 1821 1826 1832 1834 1836 1838 1840 1840 1842 1844 1846 1844 1840 1838 1844 1849 1853 1857 1862 1867 1857 1853 1860 1868 1877 1886 1893 1901 1906 1916 1928 1937 1948 1959 1970 1980 1974 1968 1961 1955 1946 1941 1939 1939 1953 1969 1986 2004 2014 2023 2030 2034 2039 2041 2045 2049
1625 1620 1613 1624 1643 1658 1663 1667 1674 1681 1685 1690 1696 1706 1722 1735 1751 1766 1782 1798 1802 1808 1814 1819 1823 1829 1835 1841 1844 1850 1856 1860 1862 1863 1865 1868 1870 1871 1874 1869 1865 1864 1870 1875 1881 1885 1892 1900 1895 1887 1882 1892 1900 1906 1912 1920 1925 1936 1947 1957 1969 1980 1991 2002 2004 1998 1992 1984 1974 1966 1966 1966 1970 1985 2001 2020 2030 2040 2042 2047 2050 2055 2060 2063
1662 1660 1656 1660 1669 1685 1703 1710 1700 1700 1707 1718 1729 1738 1750 1760 1772 1782 1794 1809 1829 1832 1838 1844 1850 1855 1859 1865 1871 1876 1882 1886 1887 1890 1892 1894 1897 1897 1897 1897 1892 1891 1901 1906 1913 1916 1922 1927 1926 1919 1910 1913 1919 1926 1931 1937 1944 1959 1973 1988 2000 2009 2014 2018 2027 2022 2017 2008 1998 1992 1993 1994 1995 2006 2022 2040 2047 2057 2060 2064 2068 2072 2075 2078
1667 1689 1699 1701 1709 1720 1736 1743 1742 1741 1745 1754 1762 1771 1779 1788 1798 1810 1823 1835 1849 1859 1867 1873 1880 1886 1893 1899 1902 1905 1907 1911 1914 1918 1919 1922 1925 1926 1924 1917 1912 1917 1925 1930 1938 1944 1952 1957 1959 1950 1940 1941 1945 1949 1954 1958 1963 1974 1986 1998 2014 2030 2042 2048 2054 2045 2037 2027 2018 2020 2025 2022 2021 2021 2040 2056 2065 2074 2080 2082 2084 2088 2091 2096
1657 1674 1691 1706 1720 1731 1744 1757 1773 1782 1782 1785 1789 1793 1794 1800 1812 1826 1840 1853 1867 1882 1893 1900 1902 1907 1912 1915 1920 1925 1931 1936 1939 1944 1948 1953 1954 1954 1949 1944 1937 1942 1949 1956 1965 1972 1980 1987 1995 1984 1970 1970 1973 1975 1978 1980 1983 1990 1997 2012 2029 2046 2061 2076 2080 2072 2064 2056 2049 2048 2050 2051 2048 2043 2053 2068 2082 2088 2096 2100 2103 2108 2109 2112
1649 1665 1683 1697 1717 1731 1745 1760 1773 1785 1800 1816 1826 1836 1845 1855 1863 1873 1882 1891 1899 1904 1910 1917 1923 1929 1935 1941 1947 1951 1957 1963 1969 1975 1979 1984 1986 1982 1976 1971 1964 1967 1974 1984 1995 2002 2007 2012 2017 2015 1997 1998 2002 1999 1998 1998 2001 2013 2026 2039 2053 2067 2080 2094 2104 2103 2100 2091 2079 2081 2076 2075 2072 2068 2070 2081 2095 2105 2114 2120 2124 2125 2129 2129
1630 1656 1674 1692 1707 1724 1737 1752 1771 1787 1805 1820 1837 1849 1859 1870 1881 1891 1897 1906 1916 1925 1931 1941 1950 1959 1969 1978 1987 1992 2000 2004 2008 2008 2011 2015 2014 2009 2002 1999 1990 1990 1999 1999 2006 2014 2023 2031 2037 2038 2036 2030 2030 2026 2022 2015 2022 2034 2045 2054 2065 2076 2087 2098 2122 2129 2119 2113 2109 2109 2103 2102 2102 2100 2096 2103 2112 2120 2125 2129 2134 2140 2145 2149
1655 1674 1692 1709 1724 1738 1753 1767 1781 1796 1812 1827 1841 1852 1864 1877 1890 1903 1922 1942 1963 1977 1986 2000 2005 2010 2016 2017 2023 2028 2034 2037 2041 2042 2043 2043 2041 2036 2030 2024 2017 2012 2014 2021 2028 2037 2045 2054 2058 2057 2065 2065 2060 2056 2051 2044 2050 2057 2066 2073 2082 2090 2098 2116 2136 2157 2153 2149 2142 2138 2135 2132 2127 2124 2122 2127 2131 2137 2143 2148 2154 2159 2165 2170
1634 1654 1676 1696 1717 1736 1755 1772 1788 1800 1813 1827 1840 1852 1866 1881 1897 1915 1932 1950 1969 1987 2004 2017 2031 2040 2045 2051 2055 2061 2067 2072 2076 2074 2074 2073 2069 2062 2056 2050 2045 2039 2041 2045 2052 2060 2069 2077 2078 2074 2084 2095 2087 2081 2075 2071 2075 2078 2084 2089 2094 2101 2121 2140 2159 2177 2183 2180 2177 2172 2166 2161 2157 2152 2150 2154 2159 2163 2166 2172 2177 2181 2186 2194
1618 1632 1651 1671 1692 1710 1728 1744 1761 1777 1796 1814 1834 1853 1873 1892 1910 1925 1938 1952 1967 1982 1998 2013 2028 2043 2058 2073 2088 2100 2102 2105 2106 2106 2101 2100 2101 2094 2088 2080 2073 2064 2065 2068 2075 2082 2090 2098 2100 2092 2100 2113 2123 2107 2094 2097 2098 2100 2112 2117 2132 2148 2164 2174 2190 2204 2211 2207 2208 2205 2201 2193 2184 2178 2179 2184 2190 2196 2200 2204 2208 2212 2216 2220
1610 1635 1660 1685 1703 1715 1726 1739 1754 1769 1783 1798 1820 1842 1864 1888 1907 1922 1936 1952 1967 1981 1995 2010 2027 2043 2059 2075 2090 2106 2118 2131 2135 2137 2132 2128 2124 2120 2116 2107 2098 2092 2095 2089 2092 2096 2100 2103 2113 2123 2134 2145 2153 2164 2172 2178 2178 2184 2190 2197 2209 2215 2228 2236 2239 2240 2241 2238 2235 2228 2221 2211 2204 2201 2203 2208 2212 2216 2220 2225 2227 2232 2237 2238
1638 1668 1703 1724 1730 1739 1749 1760 1769 1780 1790 1798 1811 1828 1845 1864 1881 1898 1916 1936 1954 1972 1990 2008 2025 2041 2058 2075 2091 2107 2120 2134 2150 2154 2156 2153 2148 2146 2145 2143 2135 2126 2126 2119 2128 2134 2143 2152 2161 2170 2177 2185 2190 2197 2206 2221 2237 2245 2254 2262 2268 2276 2285 2297 2285 2273 2269 2266 2261 2251 2244 2236 2228 2227 2235 2241 2248 2254 2261 2269 2276 2284 2289 2297
