app/alps_05.asc
ncols        346
nrows        249
xllcorner    9.206805555556
yllcorner    46.199583333333
cellsize     0.000277777778
NODATA_value -9999
[rows 190 to 227 of 249, columns 84 to 167 of 346]
1820 1808 1795 1784 1772 1759 1745 1730 1720 1712 1704 1694 1680 1666 1654 1645 1635 1625 1615 1606 1596 1578 1560 1544 1528 1509 1493 1478 1468 1460 1453 1447 1440 1440 1443 1451 1458 1465 1472 1480 1485 1490 1497 1503 1511 1518 1533 1547 1560 1580 1594 1622 1651 1678 1703 1728 1747 1766 1784 1807 1846 1876 1893 1915 1940 1962 1985 2013 2049 2085 2117 2144 2178 2203 2227 2250 2260 2245 2220 2188 2149 2108 2084 2049
1822 1811 1802 1786 1767 1746 1735 1727 1719 1710 1700 1689 1677 1664 1651 1638 1629 1618 1604 1590 1574 1554 1536 1522 1507 1494 1483 1465 1456 1449 1441 1438 1438 1439 1439 1448 1458 1465 1474 1481 1488 1495 1503 1513 1522 1535 1546 1562 1580 1597 1615 1634 1658 1684 1711 1736 1761 1781 1807 1846 1875 1896 1916 1934 1953 1969 1981 1993 2017 2054 2095 2122 2153 2186 2205 2214 2220 2223 2199 2171 2139 2110 2084 2058
1828 1815 1801 1788 1772 1749 1732 1719 1713 1707 1700 1692 1684 1670 1655 1642 1631 1620 1609 1596 1576 1556 1536 1522 1500 1486 1469 1456 1448 1440 1435 1429 1432 1435 1438 1446 1456 1464 1471 1478 1486 1495 1506 1521 1535 1546 1556 1580 1596 1617 1640 1659 1681 1700 1729 1756 1781 1810 1837 1868 1885 1909 1924 1935 1947 1956 1969 1980 1989 1996 2026 2072 2100 2122 2145 2168 2180 2191 2180 2157 2134 2112 2089 2067
1833 1823 1812 1800 1780 1762 1739 1726 1712 1700 1694 1688 1681 1666 1651 1638 1626 1615 1603 1591 1575 1557 1539 1526 1508 1488 1469 1453 1441 1435 1428 1421 1427 1432 1437 1445 1455 1463 1470 1478 1485 1494 1504 1520 1537 1549 1561 1578 1600 1621 1645 1672 1697 1728 1759 1790 1812 1831 1856 1875 1888 1898 1904 1911 1922 1940 1951 1963 1973 1990 2021 2038 2062 2079 2097 2123 2143 2180 2175 2157 2142 2119 2096 2072
1836 1826 1814 1800 1784 1766 1749 1732 1718 1700 1691 1682 1669 1657 1644 1630 1613 1600 1590 1579 1562 1550 1539 1525 1507 1486 1464 1448 1435 1424 1416 1418 1421 1428 1434 1442 1452 1462 1470 1477 1484 1491 1498 1515 1532 1549 1566 1584 1604 1628 1652 1677 1703 1739 1775 1806 1826 1840 1847 1857 1860 1866 1874 1885 1899 1912 1925 1938 1961 1976 2002 2024 2044 2062 2081 2102 2120 2150 2164 2160 2146 2124 2093 2074
1836 1823 1810 1797 1784 1770 1755 1738 1723 1709 1695 1686 1673 1659 1649 1637 1620 1609 1595 1573 1555 1540 1524 1506 1493 1480 1460 1446 1431 1417 1408 1416 1422 1429 1434 1441 1454 1463 1471 1480 1489 1497 1504 1516 1535 1557 1573 1592 1617 1647 1677 1704 1720 1758 1800 1815 1823 1827 1830 1834 1838 1844 1851 1859 1873 1884 1897 1928 1953 1978 2005 2025 2048 2067 2085 2100 2125 2143 2162 2160 2150 2126 2098 2077
1832 1818 1807 1796 1785 1772 1758 1743 1727 1712 1699 1688 1676 1665 1654 1644 1630 1616 1602 1582 1558 1535 1515 1497 1487 1474 1455 1440 1425 1405 1400 1410 1421 1427 1434 1440 1454 1465 1473 1485 1497 1512 1528 1547 1568 1592 1606 1617 1633 1660 1684 1708 1730 1759 1786 1803 1811 1818 1823 1828 1833 1837 1847 1860 1874 1886 1900 1935 1969 2000 2014 2036 2060 2074 2100 2115 2133 2146 2155 2160 2136 2114 2094 2075
1828 1811 1798 1791 1784 1774 1763 1746 1730 1713 1697 1686 1676 1667 1656 1647 1631 1613 1599 1582 1555 1532 1511 1496 1487 1467 1450 1436 1418 1400 1399 1401 1415 1425 1432 1441 1451 1464 1474 1487 1501 1516 1533 1550 1574 1597 1616 1632 1647 1666 1686 1709 1725 1745 1762 1780 1799 1813 1826 1838 1849 1860 1868 1878 1888 1898 1921 1953 1985 2014 2033 2053 2071 2095 2113 2120 2120 2121 2122 2150 2160 2126 2098 2080
1835 1817 1805 1796 1789 1781 1769 1756 1740 1718 1697 1689 1678 1668 1657 1647 1629 1612 1599 1582 1558 1535 1509 1492 1472 1455 1443 1429 1413 1397 1395 1398 1408 1424 1432 1441 1451 1462 1477 1488 1498 1511 1526 1544 1566 1589 1606 1623 1641 1660 1678 1698 1710 1722 1740 1760 1788 1806 1818 1833 1851 1880 1886 1896 1909 1934 1960 1985 2008 2026 2043 2062 2080 2086 2092 2098 2098 2094 2106 2134 2160 2152 2124 2098
1849 1839 1829 1819 1809 1799 1785 1768 1748 1725 1706 1691 1680 1668 1655 1639 1619 1605 1590 1576 1552 1530 1508 1487 1466 1451 1436 1422 1408 1388 1380 1391 1404 1422 1432 1443 1453 1464 1476 1484 1492 1502 1519 1536 1558 1576 1594 1609 1621 1633 1649 1667 1687 1707 1723 1741 1760 1776 1793 1816 1834 1858 1885 1910 1942 1970 1988 2006 2020 2032 2045 2060 2058 2059 2065 2067 2069 2078 2102 2126 2153 2160 2145 2118
1864 1852 1842 1833 1822 1810 1799 1782 1761 1736 1717 1698 1685 1672 1659 1636 1616 1600 1584 1563 1545 1523 1502 1483 1460 1445 1431 1414 1397 1383 1380 1383 1395 1408 1422 1440 1450 1460 1473 1483 1491 1498 1511 1528 1545 1561 1574 1585 1599 1617 1640 1664 1684 1706 1727 1753 1772 1789 1814 1841 1866 1885 1904 1928 1954 1973 1988 2000 2012 2022 2028 2034 2039 2041 2046 2048 2056 2075 2097 2120 2144 2162 2160 2123
1898 1881 1863 1840 1831 1822 1809 1793 1774 1749 1729 1713 1694 1676 1662 1640 1624 1607 1587 1566 1546 1523 1502 1483 1460 1444 1426 1406 1392 1380 1380 1379 1385 1395 1406 1422 1435 1446 1457 1468 1478 1488 1499 1518 1536 1548 1559 1574 1592 1615 1645 1669 1690 1713 1737 1760 1780 1801 1836 1869 1897 1909 1920 1934 1943 1951 1959 1967 1977 1992 2003 2007 2012 2020 2024 2037 2056 2078 2096 2114 2140 2164 2180 2145
1917 1908 1893 1864 1838 1828 1817 1800 1785 1764 1743 1723 1707 1685 1666 1645 1624 1602 1586 1569 1545 1527 1509 1490 1466 1448 1433 1418 1402 1380 1371 1368 1376 1385 1394 1404 1414 1426 1438 1445 1455 1469 1485 1505 1526 1546 1563 1580 1595 1622 1651 1670 1695 1719 1740 1758 1779 1805 1822 1852 1871 1885 1896 1912 1915 1914 1926 1942 1949 1956 1964 1977 1988 2003 2021 2040 2060 2083 2099 2122 2144 2170 2180 2163
1925 1915 1905 1888 1859 1838 1828 1817 1805 1781 1756 1741 1717 1688 1663 1642 1615 1597 1580 1561 1542 1520 1496 1478 1458 1444 1435 1420 1407 1387 1363 1360 1360 1368 1379 1385 1391 1394 1400 1410 1428 1453 1476 1500 1524 1544 1566 1580 1602 1628 1648 1668 1691 1714 1730 1745 1763 1785 1807 1821 1835 1846 1857 1861 1870 1879 1898 1915 1927 1939 1952 1966 1984 2002 2025 2046 2064 2082 2107 2134 2152 2175 2181 2177
1907 1902 1883 1860 1849 1845 1836 1826 1812 1789 1766 1750 1726 1684 1654 1632 1606 1580 1567 1551 1536 1520 1500 1478 1457 1440 1425 1407 1385 1367 1360 1360 1360 1364 1372 1381 1387 1392 1397 1411 1430 1449 1470 1486 1513 1540 1567 1578 1594 1613 1633 1649 1665 1686 1707 1725 1740 1763 1781 1793 1800 1810 1827 1847 1863 1874 1889 1910 1926 1940 1953 1970 1989 2007 2027 2048 2071 2090 2108 2131 2157 2180 2200 2184
1840 1829 1817 1805 1794 1818 1816 1807 1796 1783 1762 1740 1713 1682 1653 1629 1603 1580 1563 1541 1529 1516 1494 1474 1454 1433 1420 1394 1374 1359 1360 1360 1359 1360 1374 1383 1389 1395 1404 1426 1445 1460 1476 1492 1512 1538 1565 1583 1598 1629 1652 1666 1680 1697 1715 1732 1747 1762 1772 1782 1801 1817 1842 1856 1868 1882 1902 1918 1930 1940 1960 1980 1995 2020 2034 2050 2072 2091 2110 2129 2154 2186 2204 2196
1814 1808 1801 1777 1766 1792 1783 1774 1760 1745 1730 1718 1703 1681 1656 1631 1608 1578 1546 1529 1516 1503 1483 1462 1439 1421 1403 1386 1366 1357 1357 1360 1359 1360 1375 1384 1392 1398 1413 1433 1452 1468 1482 1497 1518 1546 1567 1585 1610 1642 1662 1677 1700 1715 1733 1754 1774 1790 1802 1813 1824 1841 1851 1862 1872 1882 1897 1911 1926 1940 1961 1980 1993 2014 2030 2043 2063 2085 2106 2121 2152 2191 2208 2198
1760 1752 1737 1724 1717 1726 1707 1697 1692 1688 1684 1681 1669 1656 1638 1623 1606 1573 1532 1516 1506 1489 1465 1442 1424 1397 1382 1369 1354 1346 1349 1353 1357 1359 1374 1386 1394 1405 1421 1435 1451 1469 1486 1502 1526 1549 1571 1591 1614 1636 1655 1676 1700 1726 1744 1770 1795 1810 1821 1834 1847 1862 1873 1884 1901 1906 1914 1926 1940 1950 1960 1971 1985 2002 2025 2037 2052 2069 2087 2105 2137 2188 2212 2197
1722 1708 1698 1691 1687 1680 1678 1675 1672 1668 1660 1652 1639 1626 1606 1592 1570 1543 1512 1503 1488 1468 1447 1426 1410 1391 1372 1354 1340 1340 1343 1348 1353 1358 1374 1387 1397 1411 1429 1445 1463 1483 1501 1516 1534 1551 1566 1583 1602 1628 1643 1662 1684 1708 1730 1752 1774 1800 1820 1835 1850 1866 1878 1898 1912 1925 1937 1948 1960 1974 1987 1997 2010 2020 2035 2058 2074 2087 2099 2116 2162 2198 2216 2200
1692 1687 1683 1676 1670 1664 1657 1646 1646 1640 1637 1627 1617 1600 1580 1564 1546 1523 1496 1474 1452 1438 1425 1410 1394 1382 1365 1346 1340 1340 1340 1345 1351 1357 1372 1386 1397 1414 1436 1460 1475 1496 1512 1526 1540 1552 1565 1584 1603 1624 1646 1665 1682 1703 1719 1732 1746 1775 1803 1823 1842 1858 1873 1890 1909 1928 1948 1968 1981 1996 2014 2032 2046 2060 2073 2083 2090 2097 2118 2151 2191 2207 2217 2201
1676 1669 1660 1650 1636 1625 1620 1606 1599 1594 1589 1585 1582 1571 1559 1542 1526 1512 1500 1472 1445 1432 1419 1401 1384 1367 1352 1340 1340 1340 1340 1343 1350 1356 1369 1385 1395 1413 1438 1466 1488 1507 1525 1540 1551 1562 1572 1582 1595 1613 1635 1651 1667 1689 1696 1705 1734 1754 1785 1810 1833 1854 1869 1884 1906 1925 1943 1966 1987 2009 2035 2060 2071 2080 2085 2091 2098 2114 2137 2162 2177 2199 2209 2200
1649 1638 1628 1616 1602 1580 1575 1568 1566 1560 1560 1540 1533 1520 1513 1503 1493 1483 1477 1464 1448 1432 1418 1408 1395 1376 1355 1340 1339 1340 1340 1347 1353 1360 1372 1384 1395 1410 1436 1462 1492 1510 1529 1544 1557 1572 1586 1603 1621 1635 1645 1660 1673 1684 1694 1711 1740 1762 1787 1807 1832 1855 1874 1893 1914 1936 1958 1979 2001 2026 2052 2063 2070 2077 2082 2087 2091 2096 2104 2124 2154 2184 2200 2187
1625 1608 1594 1578 1560 1557 1547 1535 1524 1524 1515 1500 1494 1488 1484 1476 1467 1459 1453 1448 1442 1433 1422 1408 1389 1373 1355 1340 1339 1339 1340 1347 1354 1361 1378 1390 1402 1414 1442 1476 1500 1513 1526 1537 1552 1567 1582 1598 1625 1646 1660 1674 1695 1717 1732 1747 1763 1780 1793 1817 1840 1856 1874 1900 1921 1944 1967 1990 2015 2034 2038 2040 2041 2045 2051 2056 2059 2065 2079 2095 2126 2156 2181 2182
1637 1609 1578 1551 1537 1525 1512 1499 1494 1489 1483 1476 1470 1463 1459 1456 1453 1449 1446 1443 1437 1427 1415 1403 1389 1373 1357 1343 1339 1339 1340 1345 1354 1363 1380 1393 1407 1424 1444 1468 1497 1512 1525 1541 1560 1573 1587 1600 1616 1639 1665 1683 1702 1727 1747 1765 1777 1796 1811 1828 1847 1867 1885 1907 1932 1954 1977 1992 2000 2016 2014 2013 2014 2019 2025 2029 2031 2034 2054 2076 2099 2125 2155 2175
1663 1640 1606 1582 1564 1555 1546 1536 1516 1498 1492 1487 1482 1476 1469 1461 1457 1451 1446 1442 1432 1418 1408 1397 1384 1368 1354 1343 1340 1339 1340 1349 1359 1373 1387 1401 1416 1432 1448 1468 1490 1505 1522 1540 1562 1580 1594 1614 1640 1661 1678 1697 1715 1736 1757 1772 1786 1804 1823 1840 1855 1872 1895 1915 1935 1956 1967 1979 1990 2001 1989 1986 1987 1993 2002 2003 2002 2000 2024 2048 2071 2100 2118 2146
1703 1687 1662 1631 1606 1590 1581 1570 1560 1540 1531 1520 1511 1501 1487 1473 1462 1453 1445 1435 1420 1412 1402 1390 1376 1360 1346 1336 1337 1338 1339 1351 1365 1381 1395 1414 1428 1438 1454 1470 1487 1500 1513 1533 1554 1570 1585 1608 1640 1665 1693 1711 1726 1741 1760 1780 1805 1820 1832 1842 1853 1870 1895 1914 1920 1924 1933 1941 1953 1962 1955 1955 1963 1966 1973 1978 1982 1990 2000 2022 2042 2064 2084 2103
1727 1717 1706 1695 1674 1655 1629 1611 1597 1586 1575 1557 1539 1523 1503 1487 1472 1459 1445 1423 1411 1400 1382 1371 1358 1349 1339 1333 1329 1334 1339 1356 1370 1384 1398 1416 1429 1440 1450 1459 1480 1495 1509 1527 1547 1561 1573 1589 1607 1636 1671 1692 1714 1728 1744 1765 1786 1807 1822 1832 1845 1863 1878 1885 1882 1884 1891 1900 1907 1918 1922 1930 1938 1945 1952 1961 1970 1980 1990 2000 2018 2037 2053 2076
1757 1748 1737 1725 1710 1694 1677 1660 1641 1623 1606 1586 1558 1534 1512 1492 1476 1464 1441 1427 1412 1394 1376 1360 1344 1336 1331 1325 1320 1326 1341 1360 1375 1389 1402 1416 1429 1441 1449 1459 1470 1488 1505 1520 1538 1553 1569 1584 1600 1622 1645 1673 1694 1707 1718 1734 1752 1775 1795 1803 1810 1823 1834 1842 1846 1856 1867 1877 1882 1890 1896 1909 1921 1929 1938 1944 1951 1958 1967 1977 1990 2009 2026 2050
1797 1782 1764 1749 1732 1711 1690 1670 1650 1630 1610 1583 1554 1523 1494 1474 1460 1446 1431 1421 1403 1386 1371 1355 1342 1335 1328 1322 1320 1324 1340 1360 1378 1397 1407 1418 1429 1443 1460 1468 1476 1485 1495 1513 1530 1545 1560 1577 1593 1620 1636 1652 1669 1684 1694 1709 1728 1743 1759 1770 1780 1786 1793 1804 1817 1829 1840 1854 1866 1876 1885 1893 1900 1909 1918 1927 1935 1944 1955 1972 1986 1997 2010 2025
1808 1788 1770 1754 1737 1718 1683 1646 1607 1588 1571 1555 1528 1496 1478 1465 1451 1436 1422 1407 1390 1375 1362 1352 1340 1333 1326 1320 1320 1320 1337 1362 1382 1402 1410 1417 1428 1441 1456 1470 1482 1492 1502 1517 1530 1548 1564 1581 1600 1620 1631 1642 1657 1670 1683 1694 1710 1727 1740 1751 1761 1771 1779 1785 1793 1802 1825 1840 1853 1865 1875 1882 1887 1893 1899 1910 1921 1932 1945 1960 1968 1976 1987 2004
1820 1808 1794 1776 1760 1728 1700 1640 1592 1568 1546 1524 1503 1488 1473 1459 1444 1433 1419 1400 1379 1365 1353 1342 1334 1325 1318 1313 1308 1314 1331 1358 1386 1404 1412 1420 1431 1441 1455 1470 1480 1490 1500 1514 1528 1545 1563 1579 1600 1614 1627 1637 1648 1662 1673 1684 1694 1711 1727 1739 1746 1754 1762 1772 1783 1800 1820 1833 1845 1852 1859 1866 1873 1880 1889 1898 1911 1924 1939 1955 1965 1972 1980 1995
1834 1817 1806 1792 1747 1710 1667 1625 1591 1570 1547 1524 1500 1486 1469 1454 1437 1429 1421 1402 1388 1368 1352 1340 1328 1318 1311 1304 1300 1307 1332 1360 1385 1410 1423 1423 1428 1436 1445 1460 1475 1485 1492 1500 1514 1533 1553 1568 1582 1602 1617 1628 1639 1650 1662 1675 1685 1696 1709 1720 1731 1742 1757 1770 1782 1795 1810 1825 1833 1841 1848 1855 1862 1872 1883 1893 1906 1917 1935 1952 1962 1968 1974 1980
1825 1818 1805 1770 1720 1676 1636 1598 1573 1550 1523 1500 1487 1474 1459 1444 1430 1424 1411 1395 1380 1363 1350 1340 1326 1315 1304 1300 1300 1308 1335 1362 1391 1420 1430 1439 1442 1443 1447 1452 1457 1457 1461 1470 1478 1494 1523 1551 1569 1582 1600 1614 1626 1636 1649 1662 1679 1686 1692 1699 1723 1742 1760 1770 1779 1793 1804 1812 1822 1828 1835 1843 1855 1866 1876 1888 1899 1912 1928 1943 1953 1962 1968 1973
1780 1740 1700 1691 1662 1632 1603 1577 1545 1516 1495 1484 1471 1459 1446 1434 1422 1414 1399 1386 1368 1355 1344 1332 1319 1304 1300 1300 1300 1310 1337 1365 1396 1421 1432 1443 1454 1466 1481 1487 1483 1482 1489 1497 1506 1514 1522 1529 1539 1567 1585 1600 1611 1623 1635 1646 1658 1672 1684 1698 1720 1743 1758 1767 1775 1782 1787 1793 1798 1808 1821 1833 1843 1853 1863 1875 1887 1900 1912 1925 1940 1951 1961 1966
1699 1670 1641 1611 1588 1568 1550 1528 1510 1494 1481 1468 1455 1443 1431 1419 1405 1394 1383 1371 1359 1346 1332 1316 1299 1294 1295 1297 1299 1304 1330 1360 1388 1417 1440 1448 1458 1487 1515 1520 1523 1524 1526 1532 1545 1552 1555 1554 1560 1565 1572 1580 1599 1614 1629 1643 1653 1670 1693 1710 1726 1740 1750 1759 1764 1770 1776 1782 1790 1800 1810 1821 1831 1842 1854 1865 1876 1887 1898 1911 1924 1942 1953 1963
1674 1646 1626 1598 1573 1548 1524 1500 1488 1476 1463 1451 1437 1425 1413 1400 1393 1382 1370 1358 1349 1334 1314 1300 1291 1286 1289 1293 1296 1299 1323 1351 1380 1408 1429 1447 1465 1498 1526 1545 1562 1569 1578 1576 1581 1584 1588 1585 1585 1588 1590 1588 1595 1605 1631 1647 1658 1680 1700 1712 1724 1734 1742 1750 1755 1762 1769 1776 1782 1789 1796 1804 1815 1830 1847 1860 1869 1880 1893 1909 1929 1944 1955 1966
1628 1607 1586 1564 1543 1521 1500 1488 1473 1460 1447 1434 1422 1409 1399 1389 1378 1365 1355 1346 1333 1317 1299 1288 1279 1275 1279 1284 1290 1297 1315 1340 1369 1402 1422 1441 1455 1489 1522 1542 1576 1600 1610 1620 1623 1620 1620 1621 1623 1620 1624 1626 1630 1633 1638 1649 1661 1676 1692 1706 1718 1731 1741 1748 1755 1762 1770 1778 1785 1792 1801 1817 1830 1845 1860 1869 1879 1893 1909 1923 1940 1949 1960 1970
1620 1604 1582 1560 1535 1512 1493 1477 1461 1445 1429 1413 1400 1394 1388 1382 1372 1363 1352 1340 1327 1308 1286 1275 1268 1260 1260 1267 1276 1287 1306 1331 1356 1379 1403 1426 1448 1467 1503 1536 1566 1588 1615 1628 1640 1642 1645 1648 1652 1654 1656 1660 1660 1663 1666 1672 1678 1691 1704 1715 1726 1738 1747 1754 1762 1769 1777 1783 1791 1797 1810 1826 1842 1857 1869 1881 1895 1906 1917 1931 1944 1953 1964 1982
