app/alps_03.asc
ncols        234
nrows        188
xllcorner    9.637638888889
yllcorner    46.142916666667
cellsize     0.000277777778
NODATA_value -9999
[rows 42 to 83 of 188, columns 0 to 93 of 234]
1147 1140 1135 1126 1114 1100 1078 1071 1060 1055 1049 1045 1040 1031 1020 998 985 970 952 930 900 890 879 860 847 831 817 806 800 796 796 792 787 784 778 773 766 757 745 733 722 700 684 667 654 660 674 686 695 703 707 703 694 679 667 677 687 692 691 690 685 680 675 669 663 660 658 656 654 653 652 650 648 646 645 643 640 633 623 610 590 560 540 540 564 580 600 613 624 628 638 634 623 609
1128 1123 1118 1111 1092 1073 1059 1051 1046 1040 1028 1020 1017 1012 1007 1003 986 971 956 940 914 894 871 857 838 820 800 787 779 776 772 765 760 760 758 758 755 748 740 728 714 695 672 654 640 634 652 666 675 684 693 689 678 660 654 655 661 665 668 672 666 660 659 657 654 654 653 651 650 648 647 646 644 643 641 640 634 629 624 614 595 568 548 538 545 560 577 594 606 614 620 623 617 600
1100 1103 1102 1088 1068 1056 1046 1037 1027 1016 1006 999 992 986 979 971 967 957 940 929 902 887 873 860 835 815 796 780 767 756 749 745 743 740 738 742 745 742 734 720 709 685 660 644 627 614 628 647 661 668 676 675 662 653 643 639 644 649 655 654 653 649 646 643 640 639 639 637 637 635 633 632 630 630 628 626 625 623 621 610 595 577 550 528 519 528 540 560 580 591 601 608 602 577
1085 1080 1069 1058 1050 1043 1034 1026 1015 1003 991 986 975 964 955 949 940 930 918 900 892 880 867 854 840 820 805 790 773 755 743 724 713 711 716 720 724 724 721 711 695 674 652 635 618 600 600 631 647 658 663 664 655 645 636 626 633 641 643 642 639 639 638 637 635 634 633 632 631 630 629 627 626 625 623 622 621 619 613 606 594 574 554 531 507 500 505 530 554 573 583 590 580 564
1066 1060 1054 1046 1038 1031 1024 1015 1005 992 975 965 955 948 942 931 920 909 899 890 880 871 860 847 835 823 810 800 777 760 740 720 699 689 689 696 704 708 703 695 680 664 647 626 600 599 597 614 632 643 650 654 648 640 624 616 614 620 624 626 627 625 625 623 622 620 619 619 618 617 616 617 616 615 614 614 613 613 608 603 591 571 552 532 512 494 485 510 540 560 571 572 562 546
1051 1047 1042 1036 1028 1020 1012 1002 989 979 965 954 942 932 920 912 904 896 887 878 868 858 849 836 826 816 800 791 771 753 735 716 697 680 676 672 675 685 687 686 672 657 640 613 597 586 585 600 617 626 637 644 642 637 623 612 600 603 609 615 614 613 612 611 609 610 609 608 607 605 604 603 603 602 602 603 604 605 603 599 583 564 550 535 507 480 479 505 526 546 555 548 540 523
1038 1033 1028 1020 1016 1008 1000 990 980 966 952 940 927 916 906 897 889 884 876 865 854 843 830 818 807 798 791 782 764 749 732 712 695 684 667 657 657 660 665 673 663 650 620 610 587 578 575 588 602 610 620 626 633 629 620 606 591 588 595 600 599 598 598 598 597 597 596 598 598 597 597 597 596 597 596 597 598 599 593 588 582 570 556 527 505 480 478 480 512 526 537 540 523 500
1024 1021 1016 1010 1004 1000 990 980 968 955 940 923 912 900 893 885 877 866 858 848 837 827 817 806 796 788 780 772 760 748 732 712 695 683 660 650 640 643 648 651 652 640 620 603 582 569 558 567 585 597 604 610 616 620 613 603 584 578 584 588 587 587 589 588 588 588 587 587 588 587 587 588 590 590 592 592 591 593 589 585 582 572 560 534 500 480 470 471 486 503 512 510 500 484
1009 1006 1003 999 992 985 976 966 955 945 929 914 900 890 882 874 864 854 843 832 820 812 805 796 785 776 770 763 755 745 730 712 695 676 660 646 630 620 624 630 634 629 618 604 579 560 544 551 558 573 585 592 598 600 600 592 578 565 568 573 576 575 575 576 576 577 577 577 577 577 579 582 584 586 587 587 586 586 583 580 576 570 563 545 515 490 470 460 459 460 467 475 476 472
997 993 989 987 983 974 964 955 946 934 920 900 892 880 872 862 853 845 834 820 811 802 790 779 774 769 764 757 748 736 727 714 694 681 663 644 627 610 600 607 612 612 605 593 571 552 535 535 546 554 566 577 582 586 584 578 565 555 551 558 562 562 562 563 564 564 567 567 567 568 571 574 577 581 582 581 581 578 575 574 572 568 563 553 532 507 487 463 443 443 445 448 451 455
985 983 980 975 968 960 954 945 936 921 909 897 888 877 866 856 847 837 822 811 800 788 777 769 760 755 753 747 740 731 720 707 694 682 666 648 628 606 594 580 585 588 589 584 560 540 527 514 532 543 548 553 558 560 566 562 556 547 539 540 541 544 545 547 549 551 553 554 558 560 561 562 564 565 568 570 570 567 565 565 566 564 562 557 542 524 500 484 449 433 429 433 437 443
977 973 968 962 957 951 946 938 928 917 905 893 880 868 858 849 840 827 814 802 787 776 765 757 753 749 745 740 733 724 712 700 686 673 662 647 627 608 590 575 560 564 568 565 550 532 512 500 500 520 529 537 540 542 540 545 544 540 527 520 524 527 534 537 540 541 543 544 545 546 547 550 551 552 554 555 557 557 557 560 561 560 558 552 544 530 510 492 463 437 420 420 418 424
969 965 960 955 950 945 939 930 920 912 902 889 875 860 851 840 829 815 803 786 773 760 753 747 740 735 730 725 719 712 703 688 673 660 650 638 617 597 585 563 552 546 551 553 544 530 512 500 498 496 502 520 518 516 517 524 527 526 520 500 494 500 507 515 522 528 534 539 540 541 541 540 542 543 543 544 545 546 545 547 548 549 550 546 543 532 514 496 474 446 419 416 411 417
965 961 956 951 946 940 933 925 916 906 895 880 863 854 844 829 816 803 790 776 759 751 744 736 729 722 718 712 706 700 690 679 669 655 642 620 604 587 570 555 540 533 536 541 538 528 517 501 493 483 484 496 500 494 496 500 511 512 504 493 480 480 488 497 508 520 523 526 525 524 524 523 522 524 528 530 532 533 534 535 538 540 541 541 536 526 511 492 474 449 426 414 405 411
963 959 954 948 943 936 928 920 910 900 883 869 856 846 834 818 803 790 776 759 752 742 734 726 718 711 704 696 685 678 673 663 654 645 634 620 604 583 564 547 533 521 513 520 524 523 518 507 492 478 472 472 475 477 479 487 494 497 491 484 471 460 472 484 495 505 510 512 513 511 510 509 509 511 513 515 517 520 522 523 523 524 525 525 523 520 502 487 469 453 427 413 400 405
962 957 951 945 938 931 921 912 901 890 878 863 852 840 824 806 792 780 760 753 745 734 723 715 706 700 690 680 669 659 653 646 640 631 622 612 602 578 563 547 530 515 500 500 507 512 509 500 487 473 460 457 455 456 459 464 474 484 482 470 457 451 457 470 483 495 497 497 497 497 496 497 497 498 499 500 500 503 506 508 509 510 511 511 507 503 494 479 460 448 427 404 398 395
960 953 945 939 932 926 917 906 895 884 872 858 845 828 808 794 783 769 757 749 740 727 713 700 693 684 676 666 656 647 637 628 624 620 613 606 596 580 564 547 527 512 499 493 492 501 500 490 480 465 454 447 442 444 449 454 459 468 467 457 445 438 446 460 472 482 486 487 488 488 489 489 489 491 491 490 490 491 492 494 496 498 499 500 495 488 480 466 454 443 420 404 394 387
953 947 940 933 926 918 908 898 887 875 860 849 838 816 799 787 774 760 751 743 732 720 706 694 681 669 659 652 644 637 627 616 605 600 600 596 585 570 552 538 524 505 491 480 478 480 479 471 462 454 447 438 431 430 435 440 447 454 456 445 434 432 444 454 462 467 473 478 480 481 482 482 482 483 482 480 479 482 483 485 487 489 491 493 487 480 469 457 446 430 410 397 388 380
947 942 934 926 917 907 898 888 878 865 853 840 820 806 787 775 764 755 746 737 720 708 696 686 675 660 650 639 633 626 620 608 596 585 573 564 557 549 540 530 520 500 486 476 467 465 459 455 450 445 439 430 420 419 420 427 436 441 438 428 419 417 430 446 454 461 466 470 470 470 471 470 470 470 470 469 468 472 475 478 481 483 485 487 484 480 460 449 437 420 398 389 380 376
940 933 925 917 908 899 890 880 868 857 840 825 809 792 776 760 755 747 738 722 708 696 687 679 668 656 645 632 619 614 607 602 592 582 567 554 544 535 528 519 509 498 483 470 460 456 451 447 443 437 428 420 415 412 412 413 417 423 424 419 409 407 417 433 443 448 456 460 460 460 458 456 456 455 456 458 459 462 464 469 472 476 479 481 481 465 450 438 425 408 393 379 373 368
932 924 916 907 899 888 878 868 852 838 827 814 798 780 760 752 744 736 723 710 697 687 678 668 662 650 635 623 610 598 583 580 583 580 567 555 545 533 519 509 499 491 481 469 457 448 439 436 431 425 419 413 408 404 401 400 402 405 405 401 399 399 406 422 433 440 446 450 448 446 444 443 441 440 445 448 450 452 454 456 459 461 465 469 468 458 443 426 412 399 386 377 369 363
924 913 904 894 883 873 866 854 840 826 813 800 783 763 750 739 731 720 708 695 685 678 669 661 651 640 626 612 596 585 574 566 566 563 558 549 540 525 511 498 488 478 472 463 455 446 439 429 419 415 410 405 400 398 395 394 395 396 395 394 394 397 404 414 422 426 430 430 431 435 434 434 433 434 435 438 439 440 442 444 447 449 451 456 453 446 435 420 409 398 383 374 366 360
911 902 892 880 870 860 849 838 820 808 795 780 765 746 735 728 719 704 695 689 678 669 660 649 638 625 614 603 590 579 565 558 553 549 544 541 529 515 499 486 472 459 455 452 450 446 442 435 424 416 408 402 397 393 388 386 387 389 388 387 390 395 401 404 407 411 414 418 421 421 422 422 424 426 427 428 430 431 433 435 436 437 439 440 440 441 437 422 411 400 380 368 360 360
893 884 872 857 853 844 828 812 800 786 776 765 751 735 726 716 703 696 688 680 668 657 647 638 625 614 604 593 580 568 558 550 540 535 529 524 512 500 489 474 460 447 437 435 440 442 441 439 430 422 412 399 394 387 380 380 380 381 382 381 382 386 390 394 396 398 403 406 409 412 412 412 413 416 419 420 421 422 422 421 422 420 418 418 420 420 421 421 408 400 375 360 356 353
865 856 850 843 832 820 806 793 780 766 760 748 735 723 713 700 693 686 678 665 654 644 634 624 614 604 593 580 571 558 549 539 527 519 513 506 498 485 472 458 447 436 428 420 419 425 426 424 423 422 414 398 388 380 375 374 374 373 372 371 368 369 368 370 375 380 386 391 399 401 400 401 403 407 412 412 413 413 408 403 400 398 395 397 398 400 400 400 393 387 370 358 354 349
850 840 831 820 809 793 784 765 758 747 740 730 719 711 700 691 683 673 660 651 641 633 624 614 604 590 578 567 558 550 542 530 517 503 494 488 478 466 454 444 434 427 419 410 400 406 416 420 421 421 410 397 386 378 371 367 366 362 360 360 359 358 357 358 359 365 375 380 386 390 391 394 398 401 404 404 404 401 396 389 380 375 371 368 376 380 380 377 377 375 366 358 352 346
824 817 808 797 784 766 756 749 740 731 726 716 705 696 689 680 672 662 653 644 634 622 613 600 589 578 567 557 549 542 530 516 502 491 482 470 458 449 442 432 422 412 402 396 391 391 395 401 406 406 398 389 379 372 365 361 360 359 357 356 355 353 352 353 358 362 365 370 374 380 382 384 387 389 392 388 383 380 374 369 363 358 353 350 351 352 355 356 357 358 353 349 345 340
800 792 785 770 757 750 742 736 729 720 710 700 693 686 678 670 662 653 647 635 623 610 598 587 578 567 556 546 536 523 511 500 491 481 471 460 449 436 425 417 409 400 394 387 380 376 377 378 384 388 387 380 372 364 360 358 356 354 353 351 349 349 347 346 347 346 349 360 361 364 366 369 369 368 369 365 362 357 352 347 345 339 335 333 330 330 331 332 334 337 337 337 334 332
780 773 763 754 747 740 733 726 720 706 699 691 683 676 671 663 655 647 638 625 612 599 589 578 567 557 547 536 520 511 502 493 482 471 464 451 440 429 418 406 398 392 385 379 372 365 360 360 363 367 371 368 360 357 354 352 350 347 344 340 340 339 340 339 338 337 337 339 342 347 351 351 351 351 350 350 346 343 338 333 326 320 316 313 308 308 310 314 314 314 317 317 317 318
760 756 749 743 736 730 723 717 706 697 690 682 675 668 662 656 647 638 627 614 600 589 578 566 557 548 538 520 505 497 489 478 469 459 450 442 432 422 414 405 396 385 376 368 362 357 353 348 350 352 354 355 351 347 340 340 339 339 338 337 336 334 333 332 331 330 330 331 332 334 337 336 334 333 332 331 328 326 324 317 310 305 300 300 300 299 299 299 300 302 303 305 306 308
754 748 742 735 727 722 713 706 698 690 684 676 669 662 655 648 642 630 617 605 592 579 565 556 547 536 520 506 494 483 474 465 458 450 443 431 419 411 408 402 392 382 373 364 355 349 343 340 340 342 343 344 342 340 338 337 336 334 333 331 330 328 327 326 324 322 321 322 320 320 322 320 318 318 317 313 311 306 300 300 300 299 299 298 298 297 297 298 298 299 299 300 301 303
747 742 733 725 719 713 707 700 692 684 676 669 663 656 650 644 634 620 610 599 580 569 555 546 536 524 511 497 486 475 464 454 444 437 429 420 410 400 395 390 385 380 373 362 353 344 338 335 333 330 332 334 333 332 331 329 325 324 324 323 322 322 321 319 318 316 314 312 311 309 308 306 304 302 300 300 300 299 299 298 297 297 297 296 294 295 295 296 296 297 297 298 298 299
740 733 725 718 712 707 700 694 687 679 671 664 656 650 644 635 619 613 603 586 571 559 549 540 526 513 500 489 479 467 455 444 430 418 411 409 403 396 389 382 377 373 368 363 354 344 337 330 323 320 321 324 322 320 319 317 315 315 315 316 314 313 312 311 310 309 307 306 305 303 302 301 300 300 299 299 298 297 296 296 295 294 294 293 292 292 292 293 293 294 294 296 296 296
730 724 717 712 707 702 694 685 678 671 664 656 646 639 625 615 608 598 587 574 560 549 539 527 515 505 494 480 469 457 445 433 418 406 396 390 386 382 377 372 367 362 358 354 350 344 337 329 320 318 316 315 314 312 311 310 308 309 310 311 310 309 307 306 306 305 304 303 302 300 300 300 299 298 297 297 296 295 295 294 293 293 292 291 290 290 290 291 291 291 292 292 293 294
722 716 710 704 699 690 680 672 667 660 651 645 636 625 614 604 594 584 573 557 547 537 527 517 507 495 483 470 456 447 434 423 407 396 386 377 370 363 360 359 357 353 350 346 343 338 332 326 319 314 308 308 307 306 305 304 302 303 305 307 306 305 305 304 303 302 302 300 300 299 298 297 297 296 295 294 294 293 292 291 291 290 289 288 287 287 287 289 289 289 290 290 290 291
715 708 700 688 680 672 668 662 655 648 640 630 620 613 603 592 582 570 557 548 538 529 520 504 493 484 469 457 448 438 427 415 403 392 382 371 360 355 349 343 340 342 338 335 330 327 322 318 312 306 301 301 301 300 300 299 298 300 300 301 301 301 302 301 300 299 298 298 297 297 297 296 295 294 293 293 292 291 290 289 289 288 287 286 285 285 285 285 286 286 287 287 287 288
699 690 682 674 665 658 653 649 644 636 627 618 608 597 585 574 564 555 545 534 527 515 505 494 483 469 457 449 440 431 420 410 398 389 379 362 354 345 338 334 329 326 325 320 318 314 309 303 300 299 298 297 295 294 293 293 292 295 297 298 298 297 297 296 296 295 295 294 293 293 293 292 292 291 290 290 289 288 288 287 286 285 285 284 283 281 282 282 283 283 283 284 284 285
686 678 668 660 655 650 645 640 633 625 617 607 595 578 569 558 551 540 533 524 513 500 491 481 470 458 447 435 420 413 407 399 390 380 367 354 345 338 329 322 319 315 312 309 306 303 300 299 297 296 294 293 291 290 288 288 287 288 291 293 293 293 292 292 292 292 292 291 290 290 289 288 287 287 287 286 285 285 284 283 284 283 282 282 280 280 280 280 280 280 281 281 281 282
670 660 655 651 647 643 637 630 623 615 608 596 584 569 558 549 539 529 520 510 500 491 482 472 460 450 437 425 407 400 391 384 377 367 357 349 340 329 318 311 306 300 300 299 298 297 295 294 292 290 288 286 284 284 282 281 282 284 285 286 286 286 287 287 287 287 286 286 286 285 284 283 282 282 280 280 280 280 280 280 280 280 280 280 280 280 280 280 280 280 280 280 280 280
659 655 650 646 641 635 629 623 615 603 592 576 566 557 546 536 525 514 504 497 490 483 473 460 449 438 427 408 398 389 382 374 367 359 351 344 333 320 311 300 299 297 296 294 292 291 289 286 286 284 282 280 280 280 280 280 280 280 280 281 281 282 282 283 283 284 284 283 282 282 281 280 280 280 280 280 280 280 280 280 280 280 280 280 280 280 280 279 280 280 280 280 280 280
653 649 644 640 633 623 615 605 598 586 574 563 553 540 527 516 505 498 490 483 474 464 455 446 438 425 410 397 389 381 373 364 357 351 344 334 324 315 304 294 286 280 280 280 280 280 280 280 280 280 280 280 280 280 280 280 280 280 280 280 280 280 280 280 280 281 281 280 280 280 280 280 280 280 280 280 280 280 279 280 280 280 280 280 280 280 280 280 279 279 279 279 279 279
645 640 634 628 620 606 596 587 577 560 552 546 533 518 510 498 489 480 474 467 460 450 440 428 419 410 399 389 380 368 358 354 348 342 332 322 312 302 291 280 280 280 280 280 280 280 280 280 280 280 280 280 280 280 280 280 280 280 280 280 280 280 280 280 280 280 280 280 280 280 280 280 280 280 280 280 280 279 279 279 279 279 279 279 279 279 279 279 279 278 278 278 278 278
