app/alps_09.asc
ncols        112
nrows        97
xllcorner    9.132083333333
yllcorner    46.879861111112
cellsize     0.000277777778
NODATA_value -9999
[rows 0 to 37 of 97, columns 0 to 83 of 112]
1364 1354 1345 1335 1324 1315 1307 1299 1287 1269 1254 1239 1227 1225 1222 1220 1220 1223 1225 1221 1216 1210 1203 1196 1190 1183 1178 1174 1169 1166 1161 1153 1145 1147 1147 1146 1142 1140 1137 1135 1133 1131 1128 1124 1120 1114 1107 1100 1095 1088 1082 1070 1066 1064 1062 1060 1060 1060 1062 1063 1060 1058 1055 1051 1053 1058 1061 1064 1069 1071 1066 1065 1069 1071 1071 1071 1070 1070 1069 1070 1072 1074 1075 1076
1369 1360 1351 1343 1333 1322 1309 1298 1285 1272 1259 1246 1230 1220 1217 1215 1214 1211 1209 1206 1202 1198 1194 1185 1180 1175 1171 1166 1161 1153 1144 1138 1136 1137 1138 1136 1135 1131 1127 1126 1126 1126 1124 1119 1114 1109 1104 1097 1088 1079 1069 1068 1072 1071 1070 1068 1064 1060 1058 1056 1055 1056 1056 1059 1064 1071 1078 1081 1082 1084 1079 1076 1077 1079 1079 1079 1080 1082 1083 1085 1087 1089 1091 1093
1362 1352 1342 1334 1324 1313 1298 1288 1278 1268 1257 1247 1237 1226 1216 1209 1205 1202 1197 1194 1190 1185 1180 1176 1171 1166 1160 1155 1150 1145 1142 1139 1133 1128 1128 1126 1125 1124 1120 1119 1120 1121 1121 1117 1112 1107 1101 1091 1080 1074 1070 1080 1081 1080 1079 1078 1075 1072 1069 1066 1066 1065 1068 1080 1080 1081 1083 1086 1088 1090 1083 1082 1085 1087 1088 1090 1092 1095 1096 1099 1101 1104 1108 1111
1358 1346 1334 1322 1313 1303 1293 1281 1273 1260 1253 1245 1237 1227 1218 1210 1204 1199 1195 1190 1187 1183 1178 1173 1169 1165 1160 1155 1154 1151 1146 1143 1138 1131 1124 1120 1118 1117 1116 1114 1112 1112 1110 1107 1104 1102 1091 1082 1077 1074 1078 1083 1087 1086 1085 1084 1083 1081 1079 1077 1076 1077 1080 1081 1084 1087 1090 1093 1096 1097 1089 1091 1094 1095 1098 1100 1103 1107 1110 1113 1117 1120 1123 1127
1346 1336 1328 1318 1305 1294 1285 1275 1265 1257 1249 1241 1233 1224 1216 1208 1200 1197 1193 1189 1184 1181 1177 1172 1168 1163 1159 1162 1160 1155 1149 1142 1133 1123 1118 1115 1114 1112 1110 1107 1104 1101 1096 1093 1088 1083 1077 1077 1083 1086 1085 1088 1092 1091 1090 1089 1089 1087 1086 1085 1084 1082 1080 1085 1089 1093 1098 1100 1100 1100 1100 1102 1105 1107 1110 1112 1115 1117 1120 1125 1131 1136 1141 1147
1340 1327 1316 1309 1299 1288 1278 1272 1265 1257 1249 1241 1233 1225 1216 1208 1200 1195 1190 1188 1185 1182 1179 1176 1174 1171 1168 1165 1161 1153 1140 1130 1120 1114 1109 1106 1107 1107 1104 1102 1100 1096 1092 1087 1083 1080 1087 1097 1100 1099 1093 1092 1098 1096 1094 1093 1095 1094 1093 1092 1091 1090 1090 1095 1097 1100 1101 1103 1104 1105 1107 1111 1114 1116 1120 1122 1127 1131 1135 1139 1145 1153 1160 1165
1340 1330 1319 1308 1296 1285 1276 1270 1262 1254 1247 1240 1233 1224 1215 1206 1199 1194 1190 1187 1184 1181 1180 1179 1180 1179 1170 1162 1151 1140 1130 1119 1109 1100 1100 1100 1100 1101 1099 1097 1094 1090 1087 1084 1082 1088 1100 1100 1100 1101 1101 1096 1100 1100 1099 1100 1100 1100 1099 1098 1098 1098 1099 1100 1102 1105 1109 1112 1116 1118 1120 1123 1127 1130 1133 1136 1140 1144 1149 1155 1160 1168 1177 1185
1333 1322 1314 1307 1298 1283 1276 1270 1264 1255 1247 1238 1228 1219 1213 1205 1199 1193 1190 1188 1186 1185 1183 1181 1174 1166 1155 1142 1130 1120 1110 1100 1099 1098 1096 1094 1091 1091 1091 1091 1089 1085 1085 1089 1093 1098 1100 1102 1103 1104 1101 1100 1104 1107 1112 1111 1112 1111 1109 1108 1108 1109 1112 1106 1104 1109 1114 1119 1122 1125 1128 1131 1134 1138 1142 1148 1153 1158 1165 1171 1180 1186 1193 1200
1323 1314 1306 1298 1289 1280 1273 1267 1260 1254 1247 1240 1233 1225 1216 1205 1196 1191 1189 1187 1185 1183 1181 1170 1159 1146 1135 1120 1109 1104 1099 1098 1097 1096 1097 1100 1102 1101 1099 1088 1089 1092 1094 1097 1099 1102 1107 1111 1115 1111 1112 1111 1116 1121 1125 1125 1124 1124 1123 1122 1124 1125 1127 1123 1119 1119 1122 1126 1130 1134 1138 1142 1145 1150 1155 1159 1165 1173 1180 1187 1194 1201 1210 1220
1316 1306 1298 1290 1284 1277 1270 1263 1257 1250 1244 1236 1226 1216 1207 1199 1189 1187 1186 1184 1183 1182 1172 1157 1144 1130 1116 1105 1102 1102 1103 1103 1104 1107 1107 1107 1108 1107 1107 1105 1104 1106 1108 1110 1113 1115 1116 1121 1122 1120 1121 1121 1122 1129 1134 1137 1140 1140 1140 1140 1141 1141 1142 1142 1137 1127 1125 1129 1132 1137 1142 1149 1155 1162 1167 1174 1182 1188 1195 1203 1213 1222 1231 1241
1307 1298 1290 1280 1275 1268 1261 1256 1251 1246 1240 1230 1219 1208 1197 1190 1182 1180 1180 1177 1175 1169 1162 1140 1128 1115 1106 1105 1110 1116 1119 1117 1115 1118 1117 1116 1114 1113 1113 1112 1111 1113 1114 1116 1117 1120 1125 1135 1131 1125 1127 1129 1134 1142 1146 1150 1155 1160 1161 1159 1157 1158 1162 1158 1150 1142 1138 1142 1147 1152 1157 1162 1166 1171 1176 1186 1197 1205 1213 1221 1231 1239 1249 1262
1298 1290 1282 1274 1266 1260 1254 1247 1240 1237 1232 1224 1210 1195 1183 1171 1160 1155 1151 1157 1161 1161 1155 1137 1124 1109 1110 1115 1120 1122 1124 1124 1122 1123 1123 1121 1120 1119 1120 1119 1118 1119 1120 1123 1130 1136 1141 1140 1138 1130 1134 1138 1143 1151 1159 1164 1168 1174 1179 1173 1167 1170 1174 1168 1162 1155 1147 1146 1152 1157 1166 1177 1181 1181 1185 1194 1205 1220 1229 1240 1247 1256 1266 1276
1296 1289 1281 1271 1260 1253 1245 1239 1235 1231 1225 1216 1204 1194 1182 1175 1180 1177 1165 1151 1140 1140 1142 1130 1118 1113 1112 1120 1123 1126 1127 1127 1127 1128 1129 1129 1128 1127 1127 1128 1131 1133 1138 1143 1149 1154 1154 1146 1138 1137 1140 1148 1157 1164 1169 1175 1180 1181 1182 1180 1179 1181 1184 1186 1178 1162 1160 1163 1167 1172 1178 1190 1200 1199 1197 1201 1213 1226 1240 1256 1267 1277 1288 1300
1299 1291 1284 1272 1259 1248 1239 1234 1229 1224 1219 1212 1204 1194 1184 1182 1183 1181 1180 1167 1153 1138 1130 1126 1123 1119 1112 1122 1126 1130 1132 1132 1133 1133 1134 1136 1140 1139 1137 1138 1142 1148 1155 1161 1165 1162 1161 1152 1143 1148 1154 1160 1165 1170 1175 1180 1183 1186 1190 1190 1188 1191 1192 1192 1182 1176 1169 1172 1176 1179 1189 1200 1209 1214 1209 1214 1226 1250 1266 1276 1288 1298 1317 1338
1299 1292 1285 1271 1253 1240 1236 1231 1227 1222 1217 1211 1205 1197 1188 1195 1194 1189 1184 1179 1162 1149 1135 1124 1120 1116 1121 1126 1132 1137 1137 1138 1140 1140 1139 1144 1149 1152 1150 1155 1160 1165 1168 1173 1174 1167 1160 1149 1154 1160 1167 1173 1180 1184 1188 1192 1197 1200 1200 1200 1196 1200 1202 1202 1191 1180 1178 1184 1189 1194 1199 1210 1221 1233 1228 1234 1246 1265 1282 1300 1320 1340 1361 1380
1297 1288 1276 1262 1249 1240 1235 1231 1227 1222 1217 1212 1207 1202 1196 1200 1200 1199 1189 1177 1158 1139 1128 1118 1118 1123 1140 1142 1143 1143 1143 1141 1142 1144 1147 1154 1160 1163 1164 1168 1172 1176 1180 1180 1180 1173 1162 1158 1167 1180 1185 1189 1193 1197 1201 1205 1209 1210 1210 1209 1208 1210 1213 1213 1200 1189 1189 1193 1195 1200 1210 1220 1230 1242 1248 1254 1260 1267 1278 1290 1306 1339 1370 1399
1288 1276 1265 1254 1243 1237 1233 1229 1225 1220 1217 1212 1207 1203 1201 1201 1201 1197 1186 1173 1157 1137 1119 1119 1123 1133 1141 1148 1150 1149 1149 1148 1149 1150 1153 1158 1165 1170 1172 1175 1177 1180 1180 1180 1180 1179 1167 1169 1182 1192 1200 1204 1208 1212 1215 1219 1221 1221 1220 1220 1219 1218 1219 1223 1211 1201 1199 1201 1207 1213 1220 1229 1240 1254 1264 1274 1284 1297 1307 1316 1325 1335 1346 1372
1276 1267 1257 1249 1241 1236 1232 1228 1223 1218 1216 1213 1211 1208 1206 1204 1202 1195 1184 1168 1150 1129 1122 1127 1132 1138 1147 1155 1157 1156 1156 1156 1156 1156 1158 1163 1171 1177 1177 1180 1180 1182 1183 1185 1186 1183 1173 1176 1187 1200 1210 1219 1222 1224 1226 1228 1231 1233 1233 1233 1233 1232 1233 1230 1220 1214 1211 1212 1220 1226 1233 1240 1250 1262 1274 1293 1316 1340 1357 1358 1380 1397 1400 1400
1274 1264 1255 1247 1240 1236 1231 1229 1225 1222 1220 1219 1216 1212 1208 1205 1202 1188 1173 1159 1148 1132 1125 1128 1135 1142 1153 1160 1160 1160 1160 1160 1164 1169 1173 1176 1180 1181 1184 1186 1189 1191 1193 1194 1197 1187 1178 1183 1195 1207 1220 1231 1237 1240 1242 1244 1245 1245 1246 1246 1247 1247 1245 1241 1231 1227 1226 1227 1234 1242 1249 1257 1266 1280 1300 1330 1357 1376 1388 1381 1402 1421 1438 1440
1272 1260 1255 1248 1242 1240 1237 1235 1232 1229 1226 1223 1220 1214 1209 1202 1190 1174 1160 1153 1145 1133 1127 1129 1134 1139 1156 1161 1162 1163 1165 1166 1169 1172 1175 1179 1183 1188 1191 1194 1196 1199 1201 1202 1204 1201 1187 1190 1201 1216 1229 1241 1253 1260 1261 1264 1262 1261 1261 1264 1265 1267 1265 1255 1245 1239 1241 1239 1248 1255 1263 1272 1284 1302 1329 1355 1387 1414 1421 1410 1424 1435 1451 1464
1264 1257 1251 1246 1241 1241 1238 1234 1231 1227 1224 1220 1216 1210 1204 1193 1177 1164 1156 1148 1140 1130 1129 1140 1145 1145 1148 1158 1162 1166 1168 1171 1174 1176 1178 1183 1188 1194 1198 1200 1202 1204 1206 1208 1210 1207 1199 1192 1203 1218 1232 1248 1266 1280 1281 1284 1280 1281 1280 1282 1285 1286 1279 1265 1255 1251 1254 1253 1260 1270 1280 1290 1304 1331 1356 1396 1425 1448 1445 1454 1460 1466 1473 1481
1261 1256 1250 1245 1241 1241 1238 1234 1230 1226 1223 1218 1212 1206 1199 1183 1169 1159 1152 1145 1138 1133 1137 1148 1156 1155 1153 1153 1157 1164 1170 1175 1179 1182 1187 1191 1195 1200 1202 1205 1207 1210 1211 1214 1216 1218 1208 1197 1202 1214 1229 1246 1261 1276 1287 1297 1300 1300 1299 1299 1301 1301 1291 1279 1268 1262 1265 1269 1273 1283 1293 1308 1330 1356 1394 1416 1433 1450 1463 1479 1485 1490 1495 1504
1264 1260 1253 1246 1241 1241 1241 1240 1235 1229 1221 1214 1206 1199 1184 1170 1158 1147 1138 1137 1135 1134 1148 1160 1162 1162 1161 1161 1162 1163 1167 1174 1180 1185 1190 1194 1199 1203 1206 1210 1212 1216 1220 1221 1222 1223 1225 1219 1208 1206 1220 1240 1251 1264 1274 1285 1297 1303 1308 1313 1315 1307 1297 1288 1279 1278 1281 1285 1286 1297 1309 1328 1355 1382 1410 1427 1440 1457 1473 1486 1496 1508 1521 1534
1265 1261 1254 1247 1241 1241 1241 1240 1231 1222 1214 1206 1197 1183 1168 1156 1148 1141 1139 1142 1150 1160 1161 1164 1166 1166 1166 1169 1172 1174 1177 1179 1177 1183 1188 1194 1199 1207 1215 1220 1222 1225 1227 1229 1231 1233 1236 1231 1226 1221 1217 1226 1235 1244 1255 1269 1284 1297 1305 1311 1318 1314 1304 1298 1294 1293 1296 1299 1301 1310 1320 1345 1374 1393 1411 1428 1447 1473 1491 1502 1513 1526 1537 1547
1264 1259 1252 1245 1241 1241 1241 1233 1223 1213 1203 1194 1180 1167 1157 1151 1145 1140 1143 1153 1160 1163 1166 1169 1171 1171 1172 1176 1180 1183 1186 1190 1190 1189 1188 1199 1206 1212 1219 1222 1226 1230 1233 1237 1240 1242 1245 1247 1249 1245 1236 1234 1235 1236 1241 1254 1268 1281 1292 1301 1309 1314 1318 1313 1307 1308 1313 1318 1320 1325 1336 1354 1372 1387 1400 1419 1440 1464 1489 1503 1517 1530 1543 1556
1259 1252 1244 1240 1238 1237 1234 1227 1219 1210 1200 1182 1168 1158 1151 1144 1143 1147 1157 1161 1164 1167 1171 1174 1176 1176 1176 1178 1182 1187 1193 1198 1200 1200 1200 1196 1200 1212 1221 1227 1233 1240 1242 1245 1247 1250 1254 1258 1263 1265 1261 1256 1253 1254 1256 1256 1256 1266 1280 1290 1300 1314 1320 1321 1321 1321 1328 1334 1340 1342 1349 1361 1376 1394 1412 1433 1458 1488 1508 1521 1535 1548 1562 1575
1262 1256 1250 1244 1233 1218 1211 1203 1196 1186 1178 1170 1162 1155 1146 1145 1153 1160 1164 1169 1173 1176 1180 1181 1183 1185 1187 1189 1191 1194 1196 1198 1201 1204 1209 1210 1208 1207 1220 1230 1240 1243 1247 1251 1255 1259 1264 1269 1274 1281 1281 1279 1276 1278 1274 1273 1272 1273 1274 1278 1290 1305 1320 1328 1336 1341 1347 1354 1361 1360 1370 1385 1405 1422 1434 1456 1474 1492 1514 1542 1571 1600 1609 1624
1261 1256 1250 1245 1238 1224 1212 1200 1196 1189 1182 1170 1158 1149 1149 1160 1168 1170 1173 1176 1179 1181 1182 1184 1186 1187 1189 1191 1193 1195 1196 1197 1200 1211 1220 1221 1222 1220 1214 1226 1237 1248 1258 1262 1266 1270 1273 1276 1280 1287 1292 1297 1298 1300 1298 1298 1298 1297 1295 1294 1293 1297 1312 1325 1334 1342 1354 1363 1369 1376 1382 1393 1412 1434 1450 1465 1480 1495 1533 1580 1607 1622 1637 1652
1261 1251 1240 1233 1223 1218 1212 1207 1202 1190 1176 1158 1152 1156 1162 1175 1180 1180 1180 1182 1183 1185 1187 1189 1190 1192 1194 1196 1197 1199 1203 1209 1213 1220 1226 1235 1240 1235 1229 1222 1227 1238 1252 1264 1271 1280 1283 1287 1292 1296 1301 1306 1312 1318 1319 1317 1314 1311 1308 1305 1301 1303 1313 1323 1333 1342 1353 1365 1379 1388 1398 1409 1427 1446 1460 1476 1492 1535 1602 1622 1641 1661 1681 1701
1261 1254 1247 1237 1222 1208 1198 1191 1185 1176 1164 1155 1157 1167 1180 1181 1181 1182 1184 1186 1187 1188 1190 1191 1193 1194 1196 1197 1199 1203 1209 1215 1222 1230 1238 1244 1251 1250 1248 1245 1241 1238 1241 1254 1268 1282 1290 1298 1302 1306 1311 1315 1320 1324 1328 1333 1337 1332 1327 1323 1317 1311 1321 1330 1340 1350 1360 1369 1378 1390 1405 1429 1451 1470 1490 1519 1557 1593 1622 1653 1683 1706 1716 1728
1255 1245 1233 1223 1212 1203 1191 1180 1173 1168 1160 1158 1165 1175 1181 1183 1185 1188 1191 1194 1196 1199 1201 1203 1205 1207 1209 1212 1214 1216 1218 1224 1233 1243 1251 1260 1261 1263 1262 1260 1258 1254 1248 1249 1258 1269 1282 1300 1306 1312 1319 1323 1328 1333 1339 1342 1345 1340 1335 1331 1328 1320 1326 1339 1346 1353 1362 1372 1384 1398 1417 1440 1464 1488 1519 1554 1593 1619 1645 1669 1694 1717 1737 1757
1242 1228 1216 1208 1195 1183 1167 1164 1162 1160 1162 1166 1170 1175 1179 1183 1188 1194 1200 1201 1203 1205 1206 1208 1210 1212 1214 1216 1218 1221 1228 1236 1245 1257 1263 1267 1271 1276 1278 1280 1280 1274 1268 1261 1257 1259 1272 1285 1297 1313 1324 1331 1338 1342 1347 1350 1354 1355 1348 1340 1341 1335 1332 1340 1346 1353 1363 1378 1398 1417 1433 1460 1494 1520 1547 1574 1600 1626 1655 1684 1709 1729 1750 1770
1226 1213 1200 1193 1184 1175 1167 1165 1168 1170 1174 1179 1180 1183 1186 1188 1190 1197 1201 1203 1205 1207 1209 1212 1214 1216 1218 1221 1226 1231 1236 1243 1255 1266 1280 1282 1286 1289 1293 1294 1295 1296 1296 1288 1279 1273 1270 1280 1293 1305 1317 1331 1343 1349 1355 1360 1364 1368 1366 1361 1356 1350 1345 1343 1353 1363 1373 1388 1415 1440 1468 1497 1520 1542 1568 1592 1617 1645 1676 1704 1726 1746 1764 1784
1215 1202 1192 1181 1176 1171 1169 1172 1180 1181 1182 1184 1186 1190 1194 1199 1200 1200 1202 1207 1213 1220 1221 1223 1225 1226 1225 1230 1234 1238 1245 1254 1264 1275 1288 1300 1308 1314 1313 1312 1311 1309 1310 1310 1301 1292 1281 1276 1285 1300 1312 1323 1339 1359 1364 1369 1374 1380 1383 1380 1376 1372 1367 1362 1359 1363 1382 1410 1430 1458 1492 1520 1546 1571 1597 1621 1645 1669 1692 1712 1731 1750 1768 1786
1197 1186 1176 1174 1174 1174 1176 1182 1200 1201 1198 1193 1192 1197 1200 1201 1203 1205 1209 1214 1220 1220 1225 1230 1235 1234 1233 1237 1243 1250 1256 1265 1276 1286 1297 1310 1322 1331 1331 1330 1327 1326 1327 1328 1322 1314 1308 1301 1291 1293 1302 1315 1330 1347 1365 1380 1385 1391 1396 1402 1400 1395 1390 1384 1379 1375 1392 1412 1434 1470 1505 1527 1550 1572 1595 1619 1643 1668 1692 1713 1733 1751 1770 1788
1185 1178 1180 1179 1186 1192 1198 1201 1203 1203 1200 1197 1198 1201 1203 1205 1207 1210 1214 1220 1221 1225 1230 1236 1240 1240 1240 1246 1252 1259 1267 1276 1285 1295 1308 1323 1336 1343 1348 1350 1351 1349 1348 1346 1342 1335 1330 1320 1313 1304 1305 1315 1326 1340 1355 1371 1386 1401 1407 1413 1420 1421 1412 1402 1403 1397 1408 1431 1460 1494 1520 1544 1566 1590 1618 1645 1672 1697 1712 1728 1739 1748 1758 1768
1180 1182 1191 1200 1203 1204 1205 1206 1205 1205 1203 1202 1203 1205 1208 1210 1213 1215 1219 1222 1225 1229 1237 1240 1241 1244 1250 1253 1258 1265 1274 1284 1296 1308 1320 1336 1349 1360 1367 1369 1368 1365 1364 1365 1362 1357 1346 1336 1328 1321 1317 1312 1319 1332 1345 1357 1374 1390 1408 1420 1428 1437 1430 1426 1437 1428 1420 1442 1477 1511 1536 1561 1586 1616 1644 1657 1669 1683 1695 1695 1706 1718 1735 1749
1180 1194 1201 1205 1209 1209 1209 1209 1208 1209 1207 1206 1207 1210 1213 1216 1220 1222 1225 1228 1231 1234 1240 1244 1248 1250 1258 1263 1268 1274 1281 1293 1305 1315 1328 1344 1360 1370 1380 1380 1380 1380 1379 1379 1376 1370 1363 1355 1347 1339 1335 1328 1323 1328 1338 1351 1363 1376 1391 1407 1424 1440 1446 1453 1462 1460 1442 1458 1493 1524 1554 1584 1607 1617 1627 1640 1650 1661 1671 1681 1689 1696 1709 1725
