app/alps_big.asc
ncols        240
nrows        190
xllcorner    9.301527777847
yllcorner    46.804305555559
cellsize     0.000277777778
NODATA_value -9999
[rows 123 to 163 of 190, columns 93 to 185 of 240]
857 856 854 852 850 848 846 845 843 840 837 835 832 829 823 816 808 800 790 780 780 780 779 779 779 778 778 778 782 790 792 794 796 796 796 795 797 799 803 810 810 810 812 816 820 821 820 820 820 815 811 812 813 815 815 816 818 819 820 821 822 824 826 828 830 832 835 837 839 844 849 855 861 867 871 875 878 877 875 874 872 871 871 871 871 869 866 863 863 861 857 854 850
859 860 858 856 855 853 852 851 849 848 844 839 836 833 825 817 807 798 790 782 780 779 778 777 778 779 784 791 794 796 799 800 800 800 800 799 799 802 806 810 813 816 820 822 824 826 826 826 823 820 819 819 821 822 823 825 827 829 831 832 831 832 833 835 836 836 837 839 842 845 848 853 859 863 866 870 873 873 873 874 872 871 871 869 865 860 858 854 851 848 844 842 838
864 863 862 861 860 859 859 857 856 854 850 845 841 837 828 820 811 803 793 784 780 778 776 777 779 784 789 795 801 805 809 810 810 808 805 802 804 806 808 809 813 817 821 825 829 831 831 831 828 826 824 826 828 828 829 832 836 840 840 840 840 841 843 843 844 846 846 847 847 848 849 851 857 860 862 864 865 867 869 870 871 869 866 864 860 855 851 847 843 837 830 825 821
873 871 869 868 866 865 864 863 861 860 860 855 850 845 840 830 818 808 799 790 780 777 773 776 779 785 792 798 808 810 811 812 812 813 813 814 812 811 810 810 814 818 823 828 833 836 835 835 833 832 830 833 835 834 834 838 841 843 843 843 842 844 847 848 850 850 850 850 848 849 850 852 854 856 859 860 861 861 863 866 866 864 862 857 853 849 846 841 836 831 827 824 820
882 879 876 875 873 871 869 867 866 865 864 863 861 860 849 840 823 813 803 796 789 783 777 772 779 785 791 797 806 812 814 816 819 820 820 820 817 814 814 816 818 821 828 833 840 841 840 840 839 838 837 840 840 840 839 841 844 846 846 845 844 846 849 850 850 850 850 850 849 849 850 850 850 851 851 851 853 853 855 855 853 849 846 843 844 843 842 841 839 836 833 830 828
890 887 884 882 879 876 873 871 870 869 867 865 863 860 851 843 830 816 806 798 793 788 782 774 775 784 790 796 802 808 810 811 812 813 814 815 817 817 818 821 826 830 835 840 842 845 847 848 846 845 843 842 843 843 843 845 847 849 849 847 846 848 849 850 850 850 850 850 849 850 850 850 849 847 847 845 844 844 845 843 842 841 840 840 839 839 838 837 838 837 836 835 833
894 892 890 887 885 879 877 877 875 872 868 866 864 861 857 846 835 820 811 801 796 789 783 774 774 784 789 795 800 805 810 814 817 821 825 824 824 823 828 832 836 840 843 847 850 850 850 850 850 850 849 848 847 847 848 850 851 852 851 850 849 849 850 850 850 850 850 850 850 850 850 850 850 848 845 843 840 840 840 840 840 840 839 839 838 838 838 837 837 837 836 836 836
900 899 897 895 893 888 881 883 879 876 872 866 864 861 854 844 833 822 813 805 800 792 783 775 767 780 790 798 801 810 815 818 825 836 840 840 837 836 842 844 847 852 853 854 853 852 852 851 851 850 850 850 851 852 853 854 855 856 855 854 853 853 852 851 851 850 850 850 850 850 850 850 848 846 844 842 840 840 839 839 838 838 837 838 837 837 837 837 837 838 838 838 838
906 905 904 902 901 900 896 891 886 881 876 869 864 859 852 843 833 823 817 809 802 794 785 775 763 780 793 801 807 814 820 824 832 841 843 845 847 847 852 852 856 858 859 859 857 855 853 852 850 850 850 852 853 855 856 858 860 860 860 859 858 856 855 853 852 850 850 850 849 849 849 848 846 845 843 842 840 840 839 838 837 837 836 836 835 835 836 837 837 838 839 839 840
909 907 906 905 904 902 901 900 894 889 883 875 869 862 853 844 835 827 819 811 805 798 785 773 763 780 793 804 812 820 826 832 839 844 849 854 860 862 864 868 868 867 866 864 862 860 857 854 851 852 854 855 856 858 859 860 860 860 860 859 856 853 850 849 849 849 849 848 848 848 848 847 846 845 843 842 841 839 838 837 837 836 836 835 834 834 835 836 836 837 838 838 839
910 911 910 910 910 908 903 902 897 889 884 878 870 863 854 845 837 829 821 814 806 800 780 770 761 780 799 804 820 823 834 840 841 846 852 860 862 867 870 876 871 871 870 867 865 862 859 857 856 857 857 858 859 860 860 860 860 859 857 854 852 848 840 840 840 840 840 841 842 843 844 845 844 844 843 842 841 840 838 836 837 837 835 834 835 835 835 835 835 836 836 836 836
911 913 912 910 911 910 907 904 900 892 887 882 874 866 857 848 840 832 824 816 807 799 780 769 758 777 798 805 820 825 840 840 841 847 852 859 861 869 871 873 871 871 870 868 866 865 863 861 858 858 859 859 860 860 860 860 860 858 857 855 853 852 846 840 840 840 840 841 841 842 842 843 842 841 840 838 838 837 836 834 836 840 837 833 834 838 838 837 836 835 835 834 834
914 914 913 912 911 910 906 903 900 894 888 883 876 868 860 850 843 835 828 821 810 797 782 765 753 771 787 804 820 828 837 840 844 848 852 855 859 865 871 871 871 871 871 871 869 867 864 862 859 858 860 860 860 860 858 855 852 850 849 848 847 845 844 842 841 841 841 841 841 841 841 842 841 840 837 833 833 832 832 831 834 836 836 832 833 840 841 838 835 833 829 823 819
915 914 913 912 911 909 905 902 898 893 888 883 875 865 857 850 843 836 830 825 818 802 788 768 752 760 774 800 820 824 829 835 841 844 847 850 853 857 860 864 867 870 871 870 868 866 865 863 861 858 860 859 860 859 855 851 850 849 848 847 847 846 845 844 843 843 842 842 842 841 841 839 837 834 830 828 828 828 831 830 831 831 830 827 826 828 830 830 825 818 808 800 795
920 918 914 911 909 907 904 902 899 894 889 884 878 870 862 854 845 838 832 827 822 807 782 763 742 754 766 779 798 814 822 827 833 838 842 845 849 852 856 860 863 865 867 866 865 864 863 862 860 859 858 857 857 855 853 850 850 850 849 849 848 848 848 847 846 845 844 843 842 841 840 837 833 830 826 824 822 821 820 821 821 821 820 816 810 804 799 808 802 795 788 784 777
931 928 926 922 918 909 906 903 899 894 889 884 879 872 863 856 847 839 833 827 822 810 783 766 742 740 747 764 778 797 809 820 823 827 831 835 839 844 847 851 856 860 860 859 858 858 857 856 855 855 855 855 855 854 853 850 850 850 850 850 850 850 850 849 847 846 844 843 841 839 836 832 829 826 821 819 816 814 815 819 812 807 799 792 785 785 782 779 776 769 761 753 744
944 938 932 928 924 918 912 907 903 897 892 886 881 874 865 857 848 839 832 825 815 801 786 769 757 740 739 739 752 774 800 810 820 824 828 832 836 840 843 847 850 853 855 854 853 853 852 851 851 851 851 853 853 850 848 846 846 848 850 850 850 850 850 848 844 840 841 839 836 833 830 827 824 821 817 814 810 806 803 800 794 784 775 768 760 758 754 750 743 737 729 721 713
950 944 939 933 928 923 918 913 909 904 899 889 880 872 865 856 845 837 831 825 819 808 795 778 766 753 739 734 739 753 770 792 820 824 829 834 840 840 844 846 847 848 849 850 849 849 849 848 847 847 847 847 846 844 844 841 841 843 845 846 846 846 844 842 840 833 832 829 826 824 820 817 813 809 805 802 797 790 784 779 770 762 752 744 737 731 725 720 708 698 694 689 684
952 947 940 935 929 924 920 914 910 905 901 892 882 873 863 854 843 836 831 826 821 812 803 788 773 754 739 729 732 748 768 790 811 822 827 832 837 840 842 843 845 846 848 847 847 846 845 844 844 843 842 841 840 838 837 835 833 833 834 839 839 837 835 832 828 825 820 820 816 814 810 807 803 798 788 780 775 771 764 758 750 742 735 727 721 712 702 694 685 679 672 666 670
954 948 940 934 928 923 918 913 909 904 899 890 881 872 862 854 845 837 829 821 809 796 780 770 756 740 726 720 726 750 772 799 814 822 826 829 832 835 839 841 843 845 846 847 848 849 850 850 850 850 847 845 843 840 836 831 827 823 820 820 821 822 824 823 821 818 814 812 808 805 801 793 783 775 767 759 754 750 748 745 737 726 718 708 699 689 680 672 664 657 650 642 648
954 946 938 932 924 920 915 909 905 900 896 890 880 873 863 854 844 838 824 808 794 777 766 754 745 731 717 717 735 755 780 802 812 818 821 825 829 832 835 839 842 843 845 847 850 850 851 852 852 853 852 851 851 845 837 829 821 817 814 810 807 804 808 811 812 808 805 801 795 780 775 768 764 759 754 750 747 743 737 725 714 704 696 686 677 668 660 654 646 638 631 623 619
950 943 935 929 920 916 911 905 900 897 892 887 880 874 865 854 841 826 815 797 782 764 748 739 729 719 711 719 741 765 779 792 803 808 814 818 824 829 831 836 842 841 846 850 851 852 853 854 855 854 850 848 846 843 841 828 818 811 805 799 796 793 798 802 803 797 789 778 770 763 757 753 750 747 744 741 733 720 713 705 696 686 676 666 658 647 638 632 623 619 614 611 606
945 938 931 923 918 912 907 901 897 892 888 884 879 872 864 849 832 817 798 780 763 748 730 720 713 708 715 730 728 741 753 765 778 793 804 812 819 824 828 832 835 840 841 839 839 846 850 850 850 848 845 843 840 835 829 824 817 809 800 795 789 784 784 786 780 772 767 760 758 756 753 750 748 745 742 729 715 704 696 687 677 669 658 648 638 628 619 615 611 607 604 604 604
938 932 925 919 914 910 905 900 893 887 880 875 870 866 861 848 834 818 804 789 775 761 738 700 700 702 702 702 697 704 722 740 757 775 792 802 809 815 821 825 827 827 821 816 818 826 834 831 833 834 836 836 831 826 820 813 809 804 795 788 780 775 772 767 760 759 759 757 755 754 752 749 745 738 727 717 702 690 677 670 662 651 642 631 620 614 608 605 605 605 605 606 611
932 925 920 915 911 906 902 895 887 880 875 871 867 863 858 850 843 830 817 802 784 767 750 719 698 693 690 687 682 681 692 709 732 755 772 770 773 786 800 818 815 811 805 799 795 799 802 806 811 813 815 818 816 811 807 800 795 789 784 779 773 767 762 760 758 756 755 754 752 751 744 737 730 724 714 699 688 674 660 651 640 631 621 616 610 605 605 605 605 605 611 618 629
926 920 916 913 909 905 901 894 887 879 873 867 860 855 850 845 839 830 820 802 786 770 755 745 734 723 710 700 691 680 677 691 714 740 737 733 737 754 769 783 795 795 790 786 784 774 780 785 793 793 788 790 795 788 780 777 774 771 768 766 765 760 757 756 755 754 753 752 751 737 725 716 707 701 691 680 669 658 647 636 625 618 613 607 605 605 605 605 608 616 625 636 646
922 918 914 911 909 905 902 896 887 879 870 862 857 851 845 839 833 826 817 807 796 784 776 770 763 755 746 733 706 682 677 682 702 707 704 699 698 712 735 756 769 774 782 780 760 745 745 753 761 763 758 754 755 759 746 743 743 740 740 745 750 752 752 751 751 752 751 746 736 722 710 698 689 680 670 662 652 640 630 620 615 610 606 605 605 605 605 612 620 629 637 648 660
919 916 912 909 906 902 898 892 886 880 870 861 853 846 838 830 823 817 810 801 789 780 777 775 771 763 755 747 734 702 681 676 684 687 681 673 668 688 708 730 741 748 756 745 730 716 703 709 721 721 718 714 716 711 709 721 725 723 719 716 720 726 731 737 744 743 737 730 724 713 699 683 673 663 654 644 634 624 619 614 610 605 605 605 605 608 618 625 632 639 650 662 680
918 910 903 898 894 891 888 885 881 875 869 863 853 840 831 820 815 809 803 794 784 779 777 775 773 771 766 757 746 728 704 669 673 675 665 672 671 659 677 705 711 712 708 703 696 688 680 681 680 672 665 666 670 680 689 703 702 699 696 693 693 698 708 719 730 729 726 723 716 700 687 673 660 649 638 629 621 617 613 610 606 606 606 606 616 624 631 637 646 660 670 680 682
916 905 897 890 885 880 876 873 870 867 863 856 846 835 825 815 804 797 791 785 780 778 777 775 774 772 771 766 754 744 740 713 687 682 692 701 700 677 659 671 679 678 674 669 665 663 659 654 646 640 643 639 645 663 677 685 684 680 675 669 672 678 687 695 699 714 722 720 703 688 675 662 649 637 629 620 617 613 609 606 606 606 612 623 630 635 643 653 664 675 681 684 687
908 898 889 880 877 874 870 867 863 860 854 847 840 830 821 810 799 794 786 780 779 778 777 776 775 774 773 772 769 761 749 737 727 728 740 735 726 712 685 659 653 655 650 648 648 651 653 652 657 660 657 647 637 646 659 660 660 656 651 645 645 655 666 678 691 705 721 712 695 679 665 651 639 630 620 616 613 609 606 606 607 623 635 642 649 658 668 677 684 692 692 693 694
902 893 883 878 874 871 867 864 860 853 846 840 833 826 818 808 798 790 780 780 779 778 778 777 776 775 774 773 771 769 760 755 750 747 753 756 745 733 721 695 678 686 694 701 707 708 700 696 694 690 682 667 645 638 649 647 642 637 633 628 623 630 644 661 678 695 708 703 686 673 660 643 632 622 617 613 609 606 606 607 630 648 662 673 687 700 705 709 712 712 710 707 706
896 888 880 876 873 869 865 862 856 849 840 833 826 819 811 804 796 786 780 780 779 779 779 778 778 777 776 774 773 771 768 767 766 764 765 765 759 747 738 730 722 727 727 728 740 744 744 736 721 706 687 668 637 638 640 637 633 628 624 623 622 620 633 664 691 700 702 692 677 663 647 633 620 617 612 608 606 606 612 644 668 688 708 720 720 720 721 721 722 723 723 724 722
889 886 881 875 868 862 858 852 847 841 834 826 819 812 804 796 789 780 780 780 780 779 779 779 779 778 777 775 774 773 771 771 771 771 771 771 770 763 756 748 746 748 748 747 752 757 760 749 740 735 693 670 647 632 634 631 633 637 630 623 620 620 631 656 683 700 697 679 664 648 633 620 616 612 607 606 606 611 671 707 720 720 721 722 723 724 725 726 727 728 727 728 727
886 883 879 872 864 855 847 839 833 828 823 817 809 802 794 787 781 780 780 780 780 780 780 780 780 779 778 776 775 774 772 772 772 772 771 771 771 771 770 766 763 762 761 760 761 761 762 761 751 733 699 680 657 638 632 651 666 665 649 624 618 619 637 656 676 690 677 663 648 633 620 615 611 607 607 607 607 646 710 720 722 723 724 725 727 728 729 730 732 733 733 733 732
884 881 875 869 861 851 840 832 822 816 811 806 800 792 786 780 780 780 780 780 780 780 780 780 780 780 779 777 776 775 774 774 774 773 773 772 772 772 771 771 770 768 766 765 765 765 763 761 747 730 710 693 679 668 680 681 680 673 654 627 616 618 625 646 663 673 659 646 633 619 615 609 607 607 607 613 638 690 720 722 723 725 726 728 729 730 732 733 736 738 739 739 737
872 869 865 862 857 847 837 824 815 807 799 792 789 786 783 780 780 780 780 780 780 780 780 780 780 780 780 779 777 776 775 775 774 774 774 773 773 772 772 772 771 770 770 770 770 768 764 761 754 739 726 715 704 700 712 709 697 680 667 652 627 615 615 615 628 657 644 630 618 612 607 607 607 611 620 634 674 716 721 723 725 727 728 730 732 733 735 737 742 749 753 748 740
871 867 864 860 852 844 833 820 809 797 790 789 788 787 786 784 783 782 781 780 780 780 780 780 780 780 779 778 778 777 775 775 774 774 774 774 773 772 772 772 771 770 770 770 770 770 765 761 760 754 747 740 733 731 735 727 716 698 679 671 654 628 618 615 611 614 620 617 609 607 607 607 616 628 642 651 700 720 725 727 729 732 733 735 738 740 741 740 745 751 760 758 740
870 865 860 853 846 838 827 816 804 792 790 789 788 787 786 785 784 783 782 781 781 781 781 781 780 780 780 779 779 779 775 775 774 774 774 774 773 772 772 772 771 770 770 770 770 770 766 761 760 760 760 740 740 740 740 720 720 711 700 685 674 656 620 620 610 610 611 608 607 607 607 621 640 656 661 669 700 720 729 731 734 737 738 740 740 742 743 740 746 751 758 740 740
870 863 856 849 841 831 819 810 800 791 790 789 788 787 786 785 784 784 783 782 782 781 781 781 780 780 780 780 780 779 778 775 775 774 774 775 775 772 772 772 770 770 770 770 770 770 767 761 760 760 759 740 740 740 737 720 720 720 700 700 680 660 620 620 609 608 607 607 607 613 635 652 669 683 683 688 700 720 734 735 739 741 741 744 745 744 746 746 744 751 754 740 740
869 862 854 842 833 820 812 801 800 790 790 789 788 787 786 785 784 784 783 782 782 781 781 781 780 780 780 780 780 779 779 775 777 777 774 775 775 772 773 773 770 770 770 770 770 770 768 760 760 758 756 740 740 740 730 720 718 703 695 682 674 660 620 618 608 608 607 617 624 638 664 675 689 700 710 710 712 728 739 740 744 745 744 746 747 742 748 748 744 758 748 740 740
