app/alps_01.asc
ncols        706
nrows        462
xllcorner    9.215416666667
yllcorner    46.800972222223
cellsize     0.000277777778
NODATA_value -9999
[rows 266 to 303 of 462, columns 84 to 167 of 706]
1967 1970 1971 1974 1977 1981 1981 1975 1968 1962 1954 1944 1932 1920 1920 1921 1914 1902 1889 1880 1876 1864 1848 1832 1818 1803 1752 1727 1710 1695 1683 1670 1656 1642 1626 1619 1615 1612 1608 1605 1600 1597 1593 1589 1586 1582 1578 1573 1568 1564 1558 1552 1561 1563 1567 1570 1572 1574 1573 1572 1570 1568 1566 1565 1564 1562 1560 1560 1557 1560 1558 1557 1557 1561 1561 1560 1561 1561 1560 1564 1564 1563 1561 1560
1960 1961 1964 1966 1969 1971 1970 1965 1959 1955 1948 1940 1936 1931 1925 1919 1909 1902 1895 1888 1880 1860 1845 1830 1815 1803 1767 1734 1715 1698 1688 1678 1671 1650 1632 1617 1607 1602 1603 1602 1599 1594 1589 1584 1580 1578 1575 1571 1568 1564 1560 1551 1548 1552 1558 1563 1567 1569 1567 1565 1564 1561 1560 1559 1557 1555 1553 1551 1550 1551 1550 1548 1549 1553 1552 1552 1553 1553 1551 1555 1554 1552 1551 1550
1954 1955 1955 1956 1958 1960 1962 1958 1951 1948 1944 1939 1932 1925 1919 1913 1907 1900 1892 1884 1873 1859 1845 1828 1815 1802 1782 1757 1739 1726 1715 1703 1684 1656 1634 1623 1610 1597 1596 1600 1594 1588 1584 1580 1576 1573 1570 1567 1563 1560 1556 1550 1544 1540 1548 1558 1562 1562 1560 1558 1556 1554 1552 1549 1547 1545 1543 1540 1540 1541 1540 1540 1540 1541 1542 1543 1545 1545 1543 1542 1542 1541 1540 1540
1949 1948 1945 1945 1948 1952 1954 1950 1946 1942 1939 1935 1931 1925 1919 1915 1910 1906 1903 1899 1880 1864 1850 1836 1823 1811 1797 1782 1768 1754 1740 1723 1708 1666 1634 1619 1608 1599 1591 1584 1582 1583 1581 1578 1575 1571 1568 1564 1560 1557 1553 1549 1545 1541 1537 1545 1555 1555 1554 1551 1547 1544 1541 1539 1538 1537 1535 1534 1532 1533 1532 1529 1530 1532 1532 1534 1537 1537 1537 1532 1531 1530 1530 1530
1943 1940 1938 1937 1941 1945 1949 1947 1945 1942 1940 1937 1931 1927 1924 1919 1916 1912 1908 1903 1890 1874 1860 1846 1834 1820 1811 1801 1791 1775 1754 1734 1714 1682 1634 1615 1599 1594 1588 1583 1578 1579 1577 1574 1570 1567 1564 1560 1557 1553 1550 1547 1544 1540 1533 1540 1544 1545 1544 1542 1539 1537 1535 1533 1531 1529 1527 1525 1524 1525 1523 1520 1521 1524 1524 1524 1526 1527 1527 1524 1520 1520 1520 1521
1937 1930 1929 1932 1938 1942 1945 1944 1944 1943 1942 1941 1930 1928 1925 1923 1920 1920 1918 1910 1903 1891 1873 1861 1849 1837 1825 1812 1798 1777 1757 1735 1714 1675 1637 1619 1602 1596 1591 1587 1582 1576 1570 1568 1565 1563 1560 1558 1555 1553 1550 1547 1544 1541 1532 1528 1532 1536 1536 1533 1530 1527 1524 1521 1518 1518 1516 1516 1515 1514 1514 1514 1514 1516 1515 1514 1517 1518 1519 1521 1517 1513 1513 1513
1930 1927 1925 1929 1934 1939 1941 1942 1942 1942 1941 1941 1932 1929 1927 1925 1923 1922 1921 1914 1906 1894 1878 1865 1852 1839 1825 1808 1789 1770 1751 1732 1713 1674 1635 1622 1606 1598 1594 1590 1587 1582 1577 1571 1565 1562 1558 1556 1554 1551 1549 1546 1544 1541 1535 1530 1522 1522 1523 1522 1521 1516 1513 1511 1510 1510 1508 1506 1505 1504 1504 1505 1506 1507 1504 1505 1506 1508 1509 1510 1507 1505 1506 1506
1922 1922 1921 1924 1927 1931 1936 1940 1938 1936 1937 1936 1933 1928 1928 1927 1926 1925 1923 1918 1900 1884 1866 1850 1837 1827 1815 1800 1784 1767 1749 1731 1713 1685 1636 1619 1610 1602 1598 1595 1590 1587 1583 1579 1573 1569 1565 1562 1557 1552 1549 1547 1545 1543 1542 1540 1533 1523 1519 1518 1519 1520 1518 1514 1510 1500 1499 1496 1495 1492 1494 1499 1501 1496 1492 1493 1494 1496 1497 1499 1500 1498 1498 1499
1920 1921 1920 1920 1923 1926 1930 1935 1930 1930 1930 1930 1929 1926 1924 1927 1930 1931 1924 1908 1894 1875 1857 1842 1825 1815 1807 1793 1777 1763 1746 1730 1714 1690 1642 1629 1618 1613 1607 1602 1597 1593 1588 1583 1578 1573 1569 1564 1559 1555 1552 1549 1546 1545 1544 1543 1542 1540 1537 1533 1529 1524 1520 1519 1517 1516 1514 1512 1511 1505 1499 1496 1493 1488 1485 1480 1481 1484 1486 1488 1489 1489 1488 1488
1919 1921 1920 1920 1920 1922 1927 1932 1931 1928 1923 1920 1919 1918 1917 1920 1926 1931 1927 1908 1890 1872 1856 1840 1825 1813 1803 1788 1773 1757 1742 1727 1711 1691 1650 1636 1626 1618 1612 1606 1600 1595 1589 1584 1579 1574 1570 1566 1561 1558 1554 1550 1547 1545 1544 1542 1540 1537 1534 1531 1528 1525 1522 1519 1517 1514 1512 1510 1511 1510 1510 1507 1503 1500 1494 1489 1484 1478 1471 1474 1477 1480 1482 1481
1912 1913 1914 1915 1915 1917 1919 1921 1924 1923 1920 1915 1910 1905 1902 1904 1907 1911 1914 1904 1889 1871 1856 1840 1827 1814 1800 1786 1771 1756 1742 1727 1712 1694 1660 1645 1633 1622 1613 1605 1599 1594 1589 1584 1579 1575 1571 1566 1562 1558 1555 1552 1549 1547 1545 1543 1541 1538 1535 1531 1528 1524 1521 1517 1513 1510 1510 1510 1511 1510 1508 1507 1505 1502 1500 1496 1488 1482 1468 1463 1466 1471 1473 1473
1905 1905 1905 1907 1909 1910 1910 1911 1911 1909 1904 1900 1897 1893 1890 1889 1891 1897 1901 1901 1889 1869 1853 1838 1825 1814 1802 1788 1772 1759 1744 1730 1714 1700 1664 1645 1633 1623 1615 1608 1600 1595 1590 1585 1580 1576 1571 1567 1563 1559 1556 1552 1550 1547 1545 1543 1540 1536 1531 1526 1521 1519 1517 1514 1512 1509 1507 1503 1500 1501 1502 1496 1498 1500 1499 1492 1487 1481 1470 1459 1458 1461 1462 1463
1900 1897 1897 1899 1902 1904 1903 1901 1897 1890 1887 1880 1880 1876 1873 1870 1874 1879 1884 1891 1886 1876 1860 1847 1835 1825 1815 1805 1793 1776 1759 1741 1724 1707 1670 1645 1632 1620 1614 1607 1600 1595 1590 1585 1580 1575 1571 1567 1563 1559 1556 1552 1550 1547 1545 1543 1540 1535 1529 1523 1519 1516 1514 1511 1509 1507 1506 1504 1502 1498 1495 1490 1491 1492 1489 1485 1482 1476 1468 1460 1450 1452 1453 1454
1886 1887 1888 1890 1893 1891 1888 1883 1876 1868 1860 1858 1856 1853 1851 1850 1855 1858 1865 1872 1881 1880 1875 1860 1849 1840 1832 1824 1815 1805 1786 1760 1737 1714 1685 1652 1632 1618 1611 1603 1597 1592 1587 1582 1578 1573 1569 1565 1560 1558 1555 1552 1549 1546 1544 1542 1538 1533 1528 1524 1520 1516 1513 1509 1507 1505 1503 1501 1499 1495 1490 1484 1483 1485 1484 1481 1477 1471 1465 1458 1446 1444 1446 1447
1875 1877 1876 1874 1871 1868 1866 1863 1859 1852 1846 1840 1838 1836 1835 1834 1835 1838 1843 1851 1860 1866 1873 1870 1865 1857 1848 1840 1831 1822 1810 1788 1757 1726 1694 1660 1640 1619 1609 1600 1595 1590 1585 1580 1576 1572 1568 1563 1559 1556 1553 1550 1548 1545 1543 1541 1537 1533 1529 1525 1520 1515 1510 1509 1507 1505 1503 1502 1500 1494 1488 1481 1478 1476 1473 1470 1468 1465 1462 1453 1440 1439 1438 1439
1866 1863 1864 1865 1863 1861 1856 1849 1842 1837 1834 1831 1827 1823 1822 1820 1820 1820 1825 1832 1840 1846 1855 1860 1861 1859 1850 1840 1830 1821 1810 1796 1766 1730 1698 1673 1650 1634 1618 1603 1595 1589 1583 1578 1574 1570 1566 1561 1558 1554 1551 1549 1547 1545 1543 1541 1538 1535 1531 1527 1524 1519 1512 1509 1507 1505 1504 1502 1499 1495 1491 1486 1482 1477 1470 1464 1460 1462 1461 1450 1439 1435 1433 1433
1854 1852 1851 1850 1847 1845 1842 1837 1825 1820 1821 1824 1821 1820 1818 1817 1816 1818 1819 1821 1827 1832 1837 1842 1849 1848 1843 1837 1830 1823 1811 1794 1764 1735 1705 1683 1661 1638 1619 1608 1598 1590 1582 1576 1572 1567 1563 1559 1556 1553 1550 1549 1547 1545 1544 1542 1540 1537 1533 1529 1525 1522 1515 1510 1508 1506 1504 1502 1499 1496 1492 1488 1485 1481 1474 1467 1460 1455 1450 1445 1440 1437 1434 1430
1837 1840 1839 1836 1832 1830 1825 1820 1816 1813 1815 1816 1813 1814 1814 1814 1815 1819 1821 1824 1827 1830 1833 1835 1836 1835 1833 1829 1824 1820 1805 1786 1765 1742 1719 1696 1674 1650 1627 1612 1600 1592 1584 1577 1571 1565 1560 1556 1553 1550 1549 1548 1547 1545 1544 1543 1541 1539 1535 1531 1528 1524 1519 1514 1510 1507 1505 1503 1501 1496 1492 1488 1484 1479 1473 1467 1462 1458 1454 1451 1447 1444 1440 1435
1816 1819 1822 1825 1823 1822 1817 1814 1809 1806 1807 1810 1807 1806 1805 1807 1808 1810 1814 1819 1821 1824 1826 1828 1825 1820 1821 1822 1820 1816 1809 1797 1782 1759 1736 1712 1692 1666 1641 1616 1603 1592 1583 1574 1566 1560 1557 1554 1551 1550 1549 1548 1547 1546 1545 1544 1542 1541 1540 1536 1532 1528 1523 1518 1512 1508 1506 1503 1501 1497 1492 1488 1483 1478 1473 1468 1462 1458 1455 1451 1448 1445 1441 1436
1800 1803 1806 1808 1810 1810 1809 1804 1800 1800 1800 1802 1803 1800 1799 1800 1802 1805 1808 1812 1814 1817 1819 1821 1820 1815 1816 1818 1816 1814 1811 1805 1796 1780 1758 1733 1709 1686 1660 1636 1613 1596 1582 1570 1560 1557 1553 1550 1550 1549 1548 1547 1546 1545 1545 1544 1543 1542 1541 1538 1534 1530 1526 1522 1517 1512 1508 1504 1501 1497 1492 1488 1483 1478 1473 1467 1462 1458 1454 1450 1447 1443 1439 1435
1781 1785 1789 1793 1798 1801 1802 1799 1800 1800 1800 1799 1799 1796 1794 1795 1800 1802 1804 1806 1806 1807 1808 1808 1808 1809 1810 1812 1812 1813 1811 1806 1801 1787 1777 1752 1730 1707 1681 1656 1630 1604 1587 1571 1559 1553 1550 1550 1549 1548 1547 1547 1546 1545 1544 1544 1543 1542 1541 1540 1536 1532 1528 1523 1518 1514 1510 1505 1500 1495 1490 1486 1480 1475 1469 1464 1459 1453 1448 1443 1440 1438 1437 1435
1762 1766 1773 1779 1782 1785 1788 1789 1795 1798 1796 1793 1790 1789 1789 1789 1791 1794 1798 1800 1800 1799 1798 1800 1801 1801 1800 1801 1805 1811 1810 1805 1798 1783 1774 1766 1749 1722 1700 1671 1645 1617 1592 1576 1563 1553 1550 1549 1549 1548 1548 1547 1546 1546 1545 1544 1544 1543 1543 1542 1541 1537 1533 1527 1523 1518 1512 1505 1498 1490 1484 1479 1473 1467 1462 1456 1451 1446 1440 1438 1437 1436 1434 1433
1743 1748 1753 1758 1763 1767 1770 1774 1777 1781 1789 1786 1785 1784 1783 1782 1781 1784 1789 1792 1792 1791 1791 1793 1795 1798 1799 1798 1796 1800 1804 1797 1789 1781 1773 1765 1758 1739 1714 1688 1658 1628 1599 1579 1566 1554 1550 1550 1549 1549 1548 1548 1547 1547 1546 1546 1545 1545 1544 1544 1543 1541 1537 1533 1528 1523 1514 1501 1491 1481 1475 1470 1464 1459 1456 1453 1449 1446 1442 1437 1434 1433 1431 1431
1722 1728 1733 1738 1742 1746 1750 1755 1759 1766 1773 1778 1779 1778 1778 1777 1777 1779 1781 1783 1783 1782 1783 1785 1789 1791 1791 1791 1790 1792 1794 1786 1779 1773 1766 1760 1754 1748 1732 1709 1680 1647 1613 1590 1575 1561 1553 1550 1550 1550 1549 1549 1549 1548 1548 1548 1548 1547 1547 1546 1544 1542 1538 1532 1526 1520 1509 1496 1480 1471 1464 1460 1457 1454 1452 1449 1447 1445 1442 1436 1430 1426 1429 1431
1697 1702 1708 1715 1720 1727 1732 1737 1743 1751 1758 1763 1765 1768 1770 1771 1772 1775 1776 1776 1776 1776 1777 1781 1782 1784 1784 1784 1784 1782 1784 1780 1774 1768 1762 1756 1748 1741 1733 1709 1681 1651 1624 1598 1585 1570 1556 1550 1550 1550 1550 1550 1550 1549 1549 1549 1549 1549 1549 1549 1547 1543 1538 1530 1521 1511 1501 1485 1470 1459 1454 1451 1447 1442 1439 1438 1435 1432 1429 1427 1422 1420 1422 1425
1678 1683 1688 1694 1699 1707 1715 1724 1731 1737 1744 1752 1758 1761 1763 1765 1768 1770 1771 1770 1770 1770 1769 1769 1771 1773 1774 1776 1778 1776 1776 1774 1768 1762 1756 1750 1744 1737 1729 1706 1682 1659 1636 1614 1594 1578 1561 1554 1550 1550 1550 1550 1550 1550 1550 1550 1550 1550 1550 1550 1548 1544 1538 1528 1517 1507 1494 1478 1460 1454 1446 1440 1438 1435 1432 1429 1426 1423 1420 1419 1418 1416 1417 1417
1660 1665 1670 1674 1679 1688 1697 1705 1713 1722 1731 1741 1749 1758 1761 1763 1764 1765 1766 1765 1764 1763 1760 1761 1763 1764 1766 1769 1771 1770 1768 1766 1763 1759 1753 1748 1742 1730 1719 1706 1685 1663 1640 1618 1596 1579 1569 1560 1556 1553 1550 1550 1549 1549 1550 1550 1550 1550 1550 1550 1552 1549 1536 1523 1512 1502 1489 1468 1451 1440 1438 1435 1431 1428 1426 1424 1420 1419 1417 1415 1413 1412 1410 1410
1647 1650 1654 1657 1662 1669 1678 1685 1696 1705 1715 1724 1733 1742 1752 1757 1758 1761 1762 1759 1757 1755 1751 1748 1753 1758 1760 1762 1764 1764 1759 1758 1756 1752 1747 1742 1727 1715 1706 1702 1691 1666 1640 1618 1595 1577 1560 1555 1553 1551 1551 1549 1549 1549 1550 1549 1550 1550 1550 1550 1551 1546 1534 1520 1508 1494 1479 1459 1444 1436 1430 1425 1422 1420 1419 1418 1416 1414 1413 1411 1409 1407 1407 1406
1631 1634 1638 1640 1646 1653 1661 1670 1678 1687 1697 1707 1716 1728 1742 1748 1750 1752 1753 1750 1747 1744 1741 1738 1742 1745 1748 1751 1751 1750 1749 1748 1745 1745 1743 1742 1729 1706 1693 1683 1672 1658 1629 1600 1585 1566 1553 1540 1540 1539 1538 1540 1541 1542 1543 1544 1545 1546 1547 1550 1551 1543 1530 1515 1499 1487 1469 1453 1440 1430 1420 1418 1416 1416 1415 1414 1412 1410 1408 1407 1406 1404 1403 1402
1620 1624 1627 1631 1635 1639 1644 1653 1662 1671 1681 1691 1702 1714 1725 1734 1740 1741 1742 1739 1736 1733 1730 1727 1726 1729 1733 1737 1737 1736 1735 1734 1732 1734 1732 1735 1725 1708 1695 1687 1678 1663 1620 1599 1583 1566 1552 1540 1534 1527 1520 1528 1535 1540 1539 1537 1540 1541 1543 1543 1540 1533 1520 1505 1491 1479 1462 1448 1435 1428 1419 1414 1411 1411 1410 1408 1407 1406 1404 1402 1401 1401 1401 1401
1619 1619 1619 1620 1625 1630 1635 1640 1648 1656 1666 1676 1689 1701 1715 1723 1728 1732 1729 1727 1725 1723 1720 1717 1714 1716 1720 1722 1724 1722 1720 1717 1716 1717 1719 1723 1721 1711 1702 1690 1676 1663 1641 1612 1595 1578 1560 1546 1534 1524 1520 1519 1519 1520 1520 1523 1527 1529 1529 1526 1520 1514 1506 1496 1482 1468 1455 1443 1430 1419 1414 1409 1407 1406 1406 1406 1404 1403 1401 1400 1399 1398 1397 1397
1619 1619 1619 1619 1621 1626 1631 1636 1641 1650 1658 1669 1680 1693 1704 1710 1716 1720 1720 1716 1713 1710 1708 1704 1701 1701 1705 1708 1709 1705 1703 1699 1699 1699 1700 1705 1705 1703 1702 1700 1680 1666 1646 1622 1603 1584 1567 1552 1538 1528 1519 1512 1504 1500 1500 1504 1507 1508 1505 1503 1500 1495 1486 1478 1468 1458 1448 1435 1420 1414 1409 1404 1401 1402 1403 1402 1400 1399 1398 1397 1395 1393 1392 1391
1619 1619 1619 1620 1624 1628 1632 1637 1641 1649 1656 1667 1678 1690 1700 1704 1708 1711 1711 1710 1707 1704 1702 1699 1696 1696 1696 1696 1696 1693 1690 1687 1687 1689 1692 1694 1696 1701 1701 1700 1680 1666 1650 1627 1605 1587 1570 1555 1540 1530 1520 1512 1505 1499 1496 1492 1489 1487 1485 1483 1481 1474 1466 1459 1454 1447 1440 1424 1412 1404 1400 1400 1400 1399 1398 1397 1396 1395 1394 1392 1391 1389 1388 1386
1619 1619 1619 1620 1624 1627 1630 1633 1636 1640 1650 1663 1680 1684 1689 1693 1698 1701 1701 1703 1702 1699 1697 1695 1691 1691 1689 1689 1687 1684 1681 1679 1678 1679 1679 1678 1683 1689 1694 1694 1684 1667 1653 1638 1620 1596 1580 1567 1553 1539 1526 1517 1508 1499 1493 1485 1479 1475 1471 1467 1462 1458 1452 1446 1440 1432 1425 1417 1406 1400 1399 1398 1396 1395 1394 1392 1391 1389 1387 1386 1384 1382 1382 1381
1619 1620 1622 1625 1628 1630 1633 1636 1639 1644 1654 1662 1668 1674 1680 1683 1685 1689 1692 1694 1694 1692 1691 1689 1687 1685 1683 1682 1680 1678 1677 1675 1674 1673 1672 1670 1674 1680 1687 1692 1690 1679 1665 1651 1636 1613 1591 1575 1561 1547 1536 1525 1512 1500 1493 1486 1479 1471 1463 1458 1453 1447 1442 1436 1432 1426 1420 1415 1409 1404 1399 1397 1394 1392 1389 1386 1385 1383 1381 1380 1378 1377 1377 1375
1619 1622 1626 1630 1635 1640 1642 1646 1650 1654 1658 1661 1664 1667 1671 1675 1678 1681 1683 1685 1685 1685 1685 1684 1682 1683 1681 1679 1677 1674 1672 1670 1671 1671 1670 1670 1670 1670 1677 1687 1690 1680 1662 1648 1633 1617 1603 1591 1578 1566 1552 1535 1519 1505 1492 1480 1474 1468 1462 1456 1451 1445 1440 1435 1429 1424 1419 1415 1411 1407 1402 1398 1394 1390 1386 1382 1379 1378 1376 1375 1374 1373 1371 1369
1619 1623 1628 1632 1637 1641 1644 1646 1648 1651 1653 1656 1659 1661 1663 1666 1669 1671 1671 1674 1676 1678 1680 1679 1677 1680 1680 1677 1673 1670 1666 1665 1668 1670 1670 1670 1670 1670 1672 1680 1689 1685 1668 1654 1644 1642 1631 1614 1597 1583 1568 1547 1529 1512 1497 1484 1473 1463 1457 1452 1448 1444 1438 1433 1428 1423 1419 1415 1411 1407 1404 1400 1396 1393 1389 1386 1383 1379 1376 1374 1371 1369 1366 1363
1618 1621 1625 1630 1634 1638 1642 1645 1648 1650 1652 1653 1655 1657 1658 1659 1659 1661 1660 1660 1663 1668 1672 1671 1672 1674 1675 1671 1668 1664 1660 1659 1661 1664 1666 1668 1670 1671 1675 1678 1685 1690 1686 1673 1662 1648 1637 1627 1617 1602 1582 1557 1541 1526 1509 1495 1482 1470 1459 1453 1446 1440 1435 1431 1427 1422 1418 1414 1411 1408 1404 1400 1397 1393 1389 1386 1382 1379 1376 1373 1370 1367 1364 1362
