app/alps_big.asc
ncols        240
nrows        190
xllcorner    9.301527777847
yllcorner    46.804305555559
cellsize     0.000277777778
NODATA_value -9999
[rows 123 to 163 of 190, columns 0 to 92 of 240]
1053 1052 1052 1051 1051 1050 1050 1049 1042 1040 1044 1044 1044 1043 1042 1041 1037 1027 1021 1020 1020 1020 1022 1021 1020 1019 1016 1013 1012 1013 1011 1008 1005 1002 999 993 989 985 981 977 973 969 965 961 956 952 948 944 936 929 928 925 922 920 920 922 922 921 920 916 913 908 902 900 900 897 895 892 890 886 884 881 877 871 870 874 879 881 883 885 886 888 890 889 887 885 882 879 872 866 860 859 857
1051 1052 1052 1053 1054 1052 1051 1049 1045 1041 1040 1039 1041 1041 1042 1041 1039 1034 1028 1020 1020 1020 1020 1021 1020 1020 1018 1016 1016 1016 1014 1012 1010 1006 1003 999 995 990 986 980 977 973 969 965 961 956 950 944 937 930 930 927 924 921 922 924 923 921 919 916 914 911 907 905 905 906 904 902 901 900 896 891 885 880 875 876 880 883 885 888 890 893 895 894 891 888 885 882 880 875 869 864 860
1053 1054 1055 1057 1055 1053 1051 1048 1044 1040 1033 1030 1031 1033 1035 1038 1035 1033 1030 1023 1020 1020 1020 1020 1020 1020 1020 1020 1020 1019 1017 1014 1012 1009 1005 1002 998 994 990 986 982 978 974 969 965 960 953 946 940 932 931 931 928 925 925 926 924 923 921 920 920 919 919 918 918 917 915 913 911 909 900 897 893 889 885 881 881 885 888 892 895 900 900 901 901 899 893 887 884 880 876 872 868
1057 1059 1060 1060 1054 1051 1051 1048 1044 1040 1035 1031 1030 1030 1030 1031 1030 1030 1027 1023 1020 1020 1019 1019 1018 1019 1020 1019 1020 1020 1021 1017 1013 1009 1006 1002 999 995 992 988 985 982 977 971 965 960 954 947 942 937 935 933 931 929 929 927 925 923 921 920 920 919 920 924 927 926 923 920 917 914 911 908 903 899 895 892 887 889 894 898 902 905 908 906 904 902 898 894 890 886 883 879 875
1058 1060 1060 1060 1057 1050 1048 1046 1043 1041 1037 1032 1032 1030 1029 1027 1024 1024 1023 1022 1021 1019 1016 1014 1011 1010 1010 1012 1017 1021 1022 1019 1014 1010 1006 1003 999 996 992 989 985 982 977 972 967 962 954 949 946 944 941 937 933 933 932 929 926 923 921 920 920 920 921 922 923 919 919 919 919 918 916 915 913 911 907 902 897 893 897 904 910 910 911 911 911 909 903 899 901 898 895 889 885
1055 1057 1060 1060 1058 1050 1048 1043 1042 1041 1040 1033 1030 1030 1029 1026 1020 1020 1021 1021 1021 1020 1016 1015 1012 1010 1010 1010 1012 1014 1018 1015 1014 1010 1007 1003 1000 997 993 990 986 983 978 973 966 961 956 950 947 944 940 938 936 936 935 930 928 925 923 920 920 920 920 921 920 914 915 918 921 926 924 920 918 915 913 911 905 899 903 910 912 912 913 912 912 911 909 905 905 901 898 895 892
1052 1053 1056 1056 1060 1053 1048 1040 1041 1041 1040 1038 1033 1030 1029 1026 1020 1020 1020 1020 1020 1020 1015 1012 1011 1010 1010 1010 1010 1010 1012 1012 1011 1009 1005 1003 1000 995 993 988 986 983 977 970 962 960 956 950 948 944 940 939 938 938 938 930 929 925 920 920 920 920 920 921 913 910 914 918 927 930 930 930 930 925 920 914 910 905 910 914 916 913 915 914 912 912 910 910 910 904 901 899 896
1044 1046 1048 1050 1055 1055 1050 1043 1040 1039 1039 1038 1036 1034 1032 1026 1020 1020 1020 1020 1019 1016 1013 1010 1010 1010 1010 1010 1010 1010 1010 1009 1007 1005 1003 1001 998 995 992 988 985 982 976 969 960 959 955 950 948 947 944 942 940 941 940 934 929 925 920 920 920 920 920 912 910 910 913 919 930 930 930 930 930 930 924 920 915 910 914 918 919 917 917 916 913 914 912 910 910 907 905 904 902
1041 1042 1044 1051 1052 1052 1051 1046 1040 1038 1040 1039 1034 1030 1030 1026 1021 1020 1020 1019 1017 1014 1012 1010 1010 1010 1010 1010 1009 1009 1009 1009 1010 1007 1004 1000 996 992 988 984 980 976 971 966 961 958 956 953 950 949 947 945 944 942 940 935 929 924 920 918 916 917 914 910 910 910 912 921 930 930 930 930 930 930 929 925 921 920 923 925 924 922 920 919 917 916 914 913 911 910 909 908 907
1037 1038 1040 1047 1048 1048 1048 1046 1040 1038 1040 1040 1036 1030 1030 1028 1024 1020 1020 1019 1017 1011 1010 1010 1010 1010 1008 1006 1005 1005 1006 1006 1010 1007 1000 1000 996 992 988 984 980 975 970 966 961 958 955 953 951 949 947 945 944 942 939 933 926 921 918 914 913 914 912 910 910 910 910 919 925 930 930 930 930 930 930 928 926 928 932 932 930 927 922 920 919 917 916 914 913 912 910 910 910
1035 1037 1039 1044 1044 1044 1043 1042 1040 1039 1040 1040 1038 1037 1038 1034 1030 1025 1020 1019 1016 1012 1010 1010 1010 1009 1006 1003 1001 1002 1002 1004 1009 1006 1000 997 996 991 988 984 980 975 970 965 960 958 955 953 950 950 947 945 944 942 937 930 925 920 917 910 911 910 910 910 910 910 910 910 921 929 930 930 930 930 932 930 928 933 940 940 932 930 924 920 919 917 917 914 914 913 911 912 912
1039 1042 1047 1050 1050 1050 1049 1047 1046 1045 1044 1042 1041 1041 1040 1040 1039 1031 1024 1020 1020 1020 1020 1017 1013 1009 1006 1002 1000 1000 1000 1000 1002 1001 999 996 993 990 987 983 980 974 969 963 960 958 956 954 952 951 948 945 943 939 934 928 922 919 916 913 912 911 910 910 910 910 910 910 911 920 927 930 932 933 933 935 936 938 940 940 935 931 926 921 919 918 918 916 916 916 914 914 914
1044 1046 1050 1055 1056 1058 1060 1060 1059 1055 1052 1049 1046 1042 1039 1037 1034 1031 1027 1024 1024 1024 1023 1022 1021 1014 1008 1004 1000 1000 999 998 998 997 996 995 991 988 984 981 977 972 968 964 960 958 956 954 953 951 948 945 943 940 940 935 928 923 923 922 921 918 916 914 912 912 911 910 910 912 919 927 931 933 934 936 937 939 940 940 937 932 927 922 920 920 919 919 918 918 917 916 915
1050 1054 1059 1061 1063 1065 1067 1069 1066 1059 1052 1049 1046 1043 1040 1037 1034 1031 1029 1029 1028 1025 1021 1018 1015 1013 1010 1007 1005 1003 999 1000 1001 1000 1000 995 990 985 980 978 974 971 968 964 961 958 955 952 950 948 948 946 945 943 942 939 935 932 929 927 925 923 920 918 918 919 918 917 915 914 916 919 926 931 932 934 936 937 939 940 937 933 929 924 920 920 920 920 920 920 919 917 916
1051 1054 1057 1060 1061 1062 1064 1066 1065 1061 1057 1050 1048 1046 1043 1042 1042 1041 1039 1035 1032 1028 1026 1023 1019 1017 1012 1004 1000 1005 1005 1004 1002 1000 997 994 990 985 981 978 976 974 972 970 967 959 955 950 948 946 944 944 943 942 941 940 940 939 936 932 928 927 926 924 925 926 926 927 928 925 923 919 920 926 931 933 935 937 939 940 937 934 930 926 920 920 920 920 920 920 921 921 921
1049 1053 1059 1060 1061 1062 1063 1063 1064 1062 1060 1056 1053 1051 1048 1045 1041 1040 1037 1033 1030 1028 1026 1025 1023 1021 1015 1009 1002 1000 1003 1003 1002 1000 998 995 993 989 985 981 978 976 974 973 970 966 961 958 951 946 940 941 941 941 941 940 940 940 939 936 932 932 932 932 933 934 935 936 938 935 933 930 925 927 929 932 934 937 939 940 937 936 930 927 924 922 922 924 926 929 930 932 933
1041 1046 1050 1052 1053 1055 1056 1058 1059 1057 1055 1054 1052 1050 1048 1047 1045 1042 1040 1037 1035 1032 1030 1027 1025 1022 1019 1012 1007 1002 1002 1002 1002 1000 1000 998 996 992 989 984 980 977 974 970 968 966 964 962 958 952 945 940 940 941 941 940 940 940 939 937 936 936 937 939 940 941 944 945 945 942 941 937 932 929 929 930 933 936 939 940 939 939 935 930 929 928 927 931 933 937 939 942 945
1037 1038 1040 1048 1051 1052 1053 1054 1055 1054 1053 1052 1051 1050 1048 1047 1045 1044 1042 1041 1038 1034 1031 1027 1023 1020 1016 1012 1008 1004 1002 1001 1000 1000 1000 1000 999 995 992 987 982 978 974 971 969 967 965 963 961 958 951 944 941 941 940 940 940 940 940 940 939 940 944 947 949 952 956 955 952 948 944 940 937 934 930 931 933 936 940 941 943 945 942 938 935 934 934 937 940 943 946 950 952
1039 1038 1039 1040 1045 1050 1051 1052 1052 1052 1052 1051 1050 1046 1043 1039 1036 1036 1035 1033 1031 1029 1026 1023 1019 1015 1011 1009 1007 1005 1004 1002 1001 1000 998 997 995 994 992 990 987 983 979 975 970 968 967 965 963 961 954 950 948 946 944 943 941 941 940 940 942 948 952 956 960 961 963 962 961 958 954 951 947 944 941 938 935 938 941 944 948 952 947 943 940 940 940 942 944 947 949 952 955
1041 1040 1040 1040 1040 1042 1043 1045 1044 1044 1043 1042 1039 1034 1030 1029 1028 1026 1026 1026 1020 1019 1017 1015 1015 1013 1010 1009 1008 1008 1005 1005 1004 1001 1001 999 997 994 992 990 987 983 980 978 974 970 968 964 960 959 954 950 947 945 943 941 940 941 940 940 940 947 953 959 962 964 969 965 963 960 960 958 956 954 951 947 942 941 944 949 953 958 954 950 946 945 945 946 947 948 950 958 960
1042 1042 1041 1041 1040 1039 1038 1036 1035 1034 1032 1031 1029 1027 1025 1023 1021 1020 1020 1018 1015 1012 1010 1009 1009 1012 1010 1010 1010 1010 1008 1007 1005 1004 1003 1001 999 995 991 990 987 985 982 981 979 975 970 966 962 959 956 951 949 947 946 944 942 942 940 940 940 946 952 957 961 964 970 967 967 968 970 969 964 961 961 960 955 949 949 950 956 960 961 957 952 950 949 949 949 949 951 960 961
1042 1042 1041 1041 1041 1040 1039 1038 1038 1038 1037 1035 1033 1031 1027 1021 1019 1017 1015 1014 1012 1009 1006 1003 1002 1004 1006 1008 1010 1010 1009 1008 1006 1005 1004 1002 1001 997 992 989 988 986 984 983 981 977 972 968 965 962 958 953 950 949 948 947 946 946 942 940 940 944 949 953 958 963 969 970 970 970 970 970 969 968 967 964 962 957 953 953 957 963 967 966 961 955 954 952 950 949 953 960 957
1049 1048 1046 1044 1044 1043 1042 1043 1043 1042 1041 1040 1036 1032 1027 1023 1018 1012 1010 1011 1011 1007 1001 1000 1000 1000 1002 1003 1004 1005 1006 1005 1004 1003 1002 1001 1000 999 994 990 988 986 984 982 980 976 971 969 966 964 961 954 950 950 950 950 949 951 950 944 940 940 940 940 949 958 963 969 971 972 973 975 976 974 973 971 969 963 958 957 960 964 968 970 969 963 959 957 954 952 950 953 951
1059 1057 1053 1050 1048 1045 1040 1040 1040 1040 1040 1037 1033 1028 1023 1018 1013 1010 1009 1009 1004 1000 1000 1000 1000 1000 1000 1000 1000 1001 1002 1000 1000 999 998 997 996 995 993 990 987 985 982 980 980 976 970 969 967 965 963 961 957 951 954 957 956 954 952 951 947 944 940 940 940 949 955 961 966 971 975 979 980 980 979 976 973 970 965 962 964 966 967 969 970 970 967 964 961 956 950 949 943
1068 1065 1063 1060 1057 1049 1043 1039 1037 1036 1034 1030 1026 1024 1020 1016 1012 1009 1005 1002 1000 1000 1000 1000 1000 1000 1000 1000 1000 1000 1000 999 998 997 995 994 993 992 990 987 984 980 978 976 974 973 970 969 968 966 965 963 962 960 961 961 959 956 954 951 949 947 945 943 941 945 950 954 958 963 969 975 981 986 986 983 980 977 972 969 969 968 968 969 969 968 966 964 962 959 951 944 939
1078 1075 1071 1067 1064 1061 1054 1046 1040 1035 1031 1028 1026 1023 1020 1017 1010 1005 1000 1000 1000 999 999 999 998 998 998 998 998 997 997 996 995 994 993 993 992 991 989 986 984 981 979 978 976 974 972 971 970 969 968 967 966 965 965 964 961 958 956 954 951 950 949 948 948 950 950 951 954 956 959 963 968 972 978 982 981 980 980 976 972 969 967 966 964 963 960 958 955 952 946 939 933
1082 1081 1081 1078 1073 1068 1063 1058 1052 1046 1040 1035 1030 1026 1021 1015 1010 1005 1000 1000 999 998 998 997 997 996 995 996 994 994 994 993 993 992 992 991 991 991 989 987 985 984 981 980 978 977 975 974 972 970 970 970 970 970 969 966 960 959 958 956 955 954 953 953 954 955 955 955 956 955 956 955 957 961 966 970 976 980 980 979 975 970 968 966 964 961 958 954 951 947 943 937 929
1087 1086 1084 1083 1081 1079 1074 1069 1064 1057 1051 1046 1040 1032 1025 1019 1013 1007 1002 1000 998 997 996 995 994 993 992 990 991 991 991 991 991 991 991 991 991 991 989 986 984 980 979 978 976 975 974 973 971 969 964 960 961 968 970 970 965 960 960 960 960 959 959 958 960 961 961 960 957 955 953 950 950 950 954 959 963 967 970 971 971 970 968 966 964 962 956 950 948 944 940 934 925
1094 1092 1090 1088 1086 1084 1081 1077 1072 1066 1060 1053 1047 1039 1032 1023 1017 1012 1008 1003 1000 999 997 996 995 994 993 992 991 993 994 995 996 998 999 1000 996 992 988 985 981 979 976 975 974 973 972 972 971 968 964 960 960 962 969 970 970 966 960 960 960 960 959 961 964 967 969 967 964 960 954 950 950 950 950 950 951 956 960 961 963 963 962 961 956 952 949 947 944 942 938 932 925
1100 1100 1100 1097 1092 1089 1086 1082 1078 1072 1065 1059 1050 1042 1035 1028 1020 1017 1013 1010 1007 1004 1000 999 998 996 995 994 994 995 996 997 999 1000 1000 1000 999 992 987 981 979 976 973 971 971 971 971 971 970 967 964 960 960 960 960 966 965 964 963 961 960 960 960 963 967 973 980 980 976 971 965 960 954 950 950 950 950 950 950 951 955 956 954 953 949 946 943 939 937 936 932 927 923
1100 1100 1100 1098 1095 1092 1089 1085 1082 1077 1071 1064 1058 1051 1045 1040 1032 1026 1020 1017 1013 1010 1007 1004 1000 999 997 996 995 995 995 995 996 996 998 1000 995 989 983 979 976 973 970 970 970 970 971 970 968 967 965 964 962 961 960 960 961 961 961 961 961 960 962 965 968 976 980 980 980 980 980 976 968 960 954 950 950 950 950 950 950 950 948 946 943 941 938 935 932 929 926 923 918
1080 1076 1072 1067 1062 1067 1079 1082 1080 1071 1062 1050 1035 1044 1046 1044 1041 1037 1032 1025 1019 1015 1012 1009 1005 1002 1000 999 997 995 994 992 991 990 990 994 992 987 982 978 976 973 970 969 969 968 968 967 970 970 970 969 967 964 962 960 960 961 960 960 960 960 962 965 967 972 979 982 984 987 989 990 984 976 968 961 954 950 949 948 948 947 945 943 941 937 931 926 921 917 913 909 906
1062 1051 1040 1039 1037 1037 1045 1063 1060 1018 1002 1000 999 997 1000 1026 1035 1040 1040 1036 1032 1028 1024 1021 1016 1011 1006 1003 1000 998 997 995 994 994 992 991 989 986 983 980 978 975 973 970 969 969 969 970 970 970 970 970 969 966 964 962 960 960 960 960 960 960 960 963 966 970 975 980 985 990 995 1000 997 990 982 974 965 958 952 949 946 944 942 939 934 930 925 920 917 913 910 907 903
1039 1031 1020 1013 1006 1001 996 1004 996 986 978 974 971 968 982 996 1006 1018 1028 1035 1033 1040 1040 1037 1030 1024 1017 1009 1005 1002 1000 998 998 1002 1003 999 995 990 987 983 980 979 977 975 973 972 971 971 971 971 971 971 971 970 967 965 961 960 960 960 960 960 960 962 965 967 970 975 981 986 990 992 992 989 985 982 977 969 961 955 949 942 937 933 930 926 922 916 910 903 900 897 894
1026 1009 996 987 977 960 956 965 964 953 948 944 939 944 956 968 977 988 997 1001 1009 1022 1025 1020 1018 1018 1012 1013 1011 1009 1008 1007 1006 1005 1004 1005 1000 997 993 989 984 980 979 978 978 977 976 975 975 974 973 973 972 971 971 968 965 962 960 959 960 961 962 963 964 965 967 969 975 981 985 985 984 984 983 982 981 979 971 963 953 940 936 932 928 923 918 910 901 898 895 892 889
1016 1000 984 970 958 951 943 933 918 917 916 915 910 918 931 941 951 961 973 983 993 1002 999 996 995 1002 991 988 992 991 989 986 987 985 986 987 987 987 987 991 990 989 987 985 983 981 979 977 975 973 970 963 963 964 963 961 961 957 947 944 951 955 960 961 961 962 963 965 966 967 967 962 957 969 981 981 981 981 974 966 955 944 936 929 921 916 910 904 899 896 893 890 887
1009 990 975 960 948 935 925 917 908 895 891 900 885 900 906 910 915 917 920 929 936 944 954 961 967 964 959 960 965 962 960 957 955 952 954 956 958 956 960 973 983 990 990 985 981 967 960 953 955 958 948 937 938 944 938 937 940 941 927 923 927 929 932 937 950 960 961 960 940 922 912 924 911 933 953 977 968 981 976 970 963 954 944 934 926 918 911 904 898 890 883 878 875
1003 988 971 954 938 923 912 900 890 880 871 872 863 854 856 858 865 864 857 852 854 864 894 914 930 925 919 931 946 939 936 932 930 926 925 928 933 935 938 946 960 980 978 964 955 945 937 931 928 924 920 910 904 918 914 916 922 927 918 900 902 908 913 917 925 940 942 914 881 877 871 888 897 908 917 925 931 957 961 961 961 960 952 943 934 926 917 908 900 891 883 878 875
994 986 969 954 937 918 906 893 878 866 859 847 845 835 830 835 839 839 835 828 835 840 843 844 881 861 883 910 932 920 914 908 900 899 899 900 904 910 916 928 945 963 962 950 934 924 916 908 900 900 891 887 879 880 886 893 898 902 899 885 876 877 880 891 898 913 926 913 887 840 833 834 843 856 865 874 884 896 918 960 961 960 953 946 938 930 921 913 904 896 888 880 875
975 979 964 957 939 919 906 891 878 860 856 839 824 818 810 810 819 818 814 806 816 824 825 827 814 815 830 900 911 910 896 888 878 878 876 878 880 888 896 912 926 944 939 933 922 910 896 887 878 874 874 863 851 840 856 860 868 880 880 867 855 855 858 866 877 884 890 857 826 813 800 798 803 818 836 866 890 913 940 958 960 946 938 936 926 923 921 917 909 901 892 884 876
954 957 959 960 940 923 907 891 877 860 854 836 819 807 796 789 798 797 792 787 796 800 802 799 789 798 819 870 886 892 886 876 864 857 855 859 863 869 879 893 899 910 915 912 904 895 886 876 862 852 848 846 832 817 825 840 848 858 857 850 835 834 837 844 856 856 852 795 781 781 778 778 785 813 838 900 928 940 960 949 930 907 899 894 894 894 899 903 904 900 891 884 880
