app/alps_01.asc
ncols        706
nrows        462
xllcorner    9.215416666667
yllcorner    46.800972222223
cellsize     0.000277777778
NODATA_value -9999
[rows 266 to 303 of 462, columns 420 to 503 of 706]
1554 1570 1585 1594 1604 1622 1643 1662 1682 1701 1718 1731 1744 1757 1772 1787 1799 1812 1827 1839 1851 1870 1896 1910 1926 1941 1956 1972 1987 2002 2008 2007 2024 2052 2061 2072 2083 2094 2105 2115 2126 2136 2143 2150 2155 2156 2149 2140 2130 2119 2108 2096 2082 2068 2056 2043 2035 2028 2022 2020 2021 2022 2029 2036 2042 2046 2051 2055 2061 2071 2081 2087 2093 2099 2113 2132 2155 2176 2180 2186 2193 2200 2202 2205
1546 1560 1569 1580 1591 1604 1624 1643 1663 1682 1701 1713 1728 1740 1753 1769 1782 1795 1804 1825 1846 1867 1889 1906 1919 1933 1946 1957 1971 1986 1984 1992 2019 2043 2052 2060 2070 2082 2096 2109 2120 2130 2140 2142 2145 2148 2144 2135 2126 2116 2106 2095 2080 2068 2055 2042 2033 2025 2020 2018 2019 2020 2020 2027 2036 2038 2040 2043 2050 2056 2065 2073 2082 2096 2110 2125 2150 2169 2174 2180 2183 2187 2191 2194
1539 1548 1558 1567 1578 1589 1601 1619 1636 1653 1668 1684 1701 1718 1733 1750 1766 1784 1801 1816 1832 1849 1865 1883 1900 1912 1925 1939 1952 1963 1963 1991 2021 2030 2038 2048 2061 2075 2090 2103 2113 2124 2133 2140 2141 2141 2139 2130 2121 2112 2100 2091 2079 2069 2056 2043 2034 2027 2020 2018 2016 2017 2018 2019 2027 2030 2033 2036 2038 2046 2060 2071 2081 2094 2110 2129 2153 2164 2168 2172 2176 2180 2182 2185
1524 1535 1545 1553 1564 1579 1596 1612 1631 1651 1671 1691 1709 1726 1744 1762 1780 1798 1808 1821 1834 1848 1855 1863 1871 1890 1905 1918 1932 1943 1938 1980 2004 2014 2025 2038 2052 2066 2082 2098 2110 2121 2133 2140 2141 2141 2136 2126 2116 2104 2091 2079 2070 2061 2051 2040 2033 2026 2020 2018 2016 2014 2016 2017 2019 2020 2025 2031 2037 2046 2061 2070 2079 2093 2111 2132 2153 2160 2163 2166 2169 2171 2174 2178
1506 1521 1534 1551 1569 1583 1593 1610 1631 1653 1675 1691 1705 1718 1731 1746 1760 1773 1787 1802 1812 1825 1829 1832 1839 1861 1887 1906 1917 1918 1932 1972 1992 2004 2015 2026 2041 2056 2077 2092 2102 2111 2124 2134 2141 2137 2129 2120 2110 2100 2087 2075 2064 2053 2044 2037 2033 2027 2020 2018 2015 2013 2013 2015 2017 2019 2020 2026 2034 2044 2060 2068 2076 2092 2110 2128 2148 2152 2155 2158 2160 2160 2162 2166
1494 1510 1529 1552 1570 1586 1603 1619 1633 1648 1663 1679 1695 1707 1718 1730 1743 1757 1767 1779 1791 1802 1802 1802 1802 1823 1853 1879 1893 1898 1919 1959 1978 1990 2001 2011 2025 2045 2057 2072 2073 2083 2103 2112 2116 2121 2122 2120 2110 2098 2081 2067 2056 2048 2040 2035 2029 2024 2020 2017 2013 2010 2011 2013 2015 2017 2019 2024 2032 2041 2055 2067 2077 2088 2103 2127 2145 2152 2155 2158 2160 2160 2160 2160
1482 1495 1517 1538 1556 1571 1591 1606 1619 1631 1644 1656 1670 1682 1695 1706 1720 1732 1744 1756 1770 1779 1777 1775 1792 1812 1828 1846 1864 1889 1903 1938 1965 1975 1983 1992 2005 2024 2040 2050 2044 2047 2059 2073 2078 2091 2110 2120 2108 2093 2074 2058 2046 2038 2033 2028 2022 2018 2015 2013 2010 2008 2010 2012 2014 2018 2023 2029 2036 2045 2056 2066 2076 2090 2106 2121 2136 2148 2154 2158 2160 2159 2159 2158
1466 1479 1494 1520 1537 1555 1572 1595 1608 1618 1629 1639 1650 1660 1671 1681 1691 1702 1718 1734 1750 1749 1749 1759 1781 1803 1827 1850 1872 1895 1920 1941 1950 1961 1966 1970 1982 2003 2018 2024 2011 2012 2026 2047 2060 2072 2089 2105 2102 2084 2066 2050 2038 2032 2027 2021 2015 2010 2009 2008 2006 2007 2010 2011 2011 2017 2022 2029 2036 2044 2054 2064 2075 2087 2098 2110 2124 2136 2151 2153 2152 2151 2149 2146
1454 1468 1481 1494 1518 1541 1557 1574 1593 1608 1620 1632 1645 1655 1667 1679 1690 1701 1713 1720 1720 1719 1725 1749 1772 1795 1824 1854 1884 1909 1919 1924 1933 1942 1941 1945 1956 1977 2000 1994 1986 1998 2021 2038 2051 2064 2074 2084 2091 2082 2062 2037 2020 2014 2013 2012 2008 2003 2003 2005 2008 2007 2003 2005 2008 2013 2022 2028 2035 2043 2053 2063 2074 2084 2094 2104 2115 2126 2137 2142 2143 2141 2142 2140
1438 1451 1465 1477 1490 1506 1540 1556 1574 1585 1596 1605 1618 1633 1647 1660 1674 1687 1700 1700 1694 1691 1712 1738 1763 1788 1813 1845 1879 1897 1902 1907 1912 1916 1919 1925 1938 1949 1957 1965 1972 1987 2009 2028 2041 2054 2065 2074 2082 2081 2065 2038 2018 2000 2000 1999 1993 1994 1998 2003 2007 2008 2000 2000 2005 2010 2019 2026 2033 2040 2050 2061 2072 2084 2091 2099 2107 2116 2122 2127 2131 2130 2131 2130
1425 1439 1451 1465 1476 1490 1505 1528 1549 1566 1576 1583 1590 1599 1614 1630 1647 1662 1667 1664 1662 1683 1704 1729 1756 1782 1808 1834 1861 1880 1884 1887 1891 1895 1898 1909 1922 1938 1943 1951 1960 1980 2004 2018 2033 2045 2057 2066 2077 2079 2065 2040 2020 2002 1991 1986 1982 1987 1992 1998 2002 2004 2002 1996 2004 2011 2018 2025 2032 2040 2052 2065 2079 2084 2090 2095 2100 2103 2106 2110 2113 2117 2119 2121
1403 1418 1435 1448 1460 1473 1488 1512 1529 1539 1548 1559 1568 1579 1597 1612 1627 1630 1631 1633 1654 1672 1690 1713 1738 1764 1790 1818 1844 1861 1865 1869 1872 1876 1881 1896 1911 1922 1930 1941 1956 1973 1991 2008 2024 2038 2049 2058 2066 2064 2056 2040 2024 2000 1991 1981 1978 1980 1984 1990 1995 1999 1992 1993 2002 2007 2012 2017 2025 2040 2053 2070 2081 2085 2089 2093 2096 2100 2101 2102 2104 2107 2107 2110
1393 1408 1421 1432 1442 1456 1470 1487 1505 1520 1528 1537 1549 1561 1574 1590 1602 1604 1604 1624 1645 1665 1686 1707 1728 1747 1770 1794 1812 1830 1842 1847 1852 1857 1869 1882 1892 1903 1915 1927 1940 1962 1984 2002 2012 2023 2035 2044 2047 2044 2042 2031 2015 1998 1989 1980 1976 1971 1978 1982 1984 1987 1984 1994 2001 2006 2011 2016 2022 2037 2053 2075 2082 2084 2086 2089 2088 2087 2088 2091 2092 2094 2098 2101
1395 1405 1413 1422 1434 1446 1460 1472 1484 1496 1506 1514 1522 1537 1552 1562 1573 1578 1596 1616 1638 1659 1680 1700 1716 1731 1746 1761 1777 1795 1807 1821 1837 1848 1858 1868 1879 1889 1898 1909 1920 1946 1965 1979 1992 2004 2015 2023 2030 2030 2028 2021 2008 1996 1985 1978 1974 1970 1965 1973 1973 1976 1982 1992 2000 2005 2010 2015 2020 2038 2060 2068 2075 2080 2082 2083 2080 2082 2084 2089 2093 2097 2100 2102
1394 1405 1414 1423 1431 1440 1453 1464 1474 1484 1494 1506 1521 1540 1541 1543 1546 1557 1582 1603 1618 1635 1655 1673 1692 1704 1725 1743 1761 1780 1799 1810 1821 1831 1844 1854 1865 1873 1885 1897 1912 1929 1945 1962 1975 1987 1997 2003 2007 2011 2014 2009 2000 1991 1983 1979 1976 1972 1962 1954 1957 1964 1974 1983 1988 1994 2000 2011 2021 2040 2056 2063 2068 2072 2077 2077 2076 2080 2084 2087 2090 2093 2096 2099
1383 1401 1410 1420 1428 1437 1452 1469 1484 1494 1506 1520 1523 1526 1517 1515 1527 1546 1568 1586 1602 1617 1632 1646 1662 1676 1691 1710 1740 1760 1785 1803 1813 1823 1832 1842 1852 1861 1867 1874 1881 1896 1920 1945 1958 1972 1982 1986 1990 1995 1999 2001 1998 1984 1978 1974 1977 1974 1969 1962 1950 1952 1967 1980 1986 1992 1998 2010 2020 2040 2046 2052 2058 2063 2066 2068 2074 2079 2082 2085 2088 2091 2093 2096
1380 1396 1406 1412 1419 1428 1440 1452 1466 1480 1495 1504 1504 1500 1496 1491 1507 1523 1540 1564 1572 1586 1603 1621 1636 1651 1667 1683 1701 1729 1759 1777 1782 1793 1807 1831 1842 1847 1852 1857 1868 1892 1915 1933 1946 1961 1975 1979 1982 1985 1988 1991 1989 1979 1972 1966 1966 1966 1962 1957 1950 1940 1950 1966 1975 1983 1993 2004 2020 2029 2039 2044 2050 2057 2062 2065 2068 2071 2074 2076 2080 2085 2090 2095
1380 1388 1397 1403 1411 1417 1430 1446 1461 1472 1481 1485 1477 1474 1469 1479 1493 1508 1521 1535 1544 1553 1565 1588 1600 1626 1648 1670 1694 1720 1750 1759 1756 1760 1782 1806 1820 1827 1833 1839 1861 1879 1903 1920 1936 1950 1960 1963 1968 1972 1977 1981 1979 1971 1966 1960 1956 1952 1948 1944 1938 1923 1946 1963 1968 1975 1982 1996 2017 2025 2031 2036 2041 2049 2058 2061 2064 2066 2069 2071 2074 2076 2081 2087
1378 1383 1388 1393 1398 1408 1424 1436 1446 1454 1462 1464 1454 1443 1444 1466 1480 1488 1496 1516 1524 1529 1535 1553 1580 1593 1617 1648 1677 1708 1733 1734 1735 1744 1776 1792 1803 1810 1817 1827 1844 1871 1891 1910 1927 1940 1948 1955 1961 1965 1968 1972 1972 1964 1957 1951 1945 1939 1933 1928 1914 1935 1944 1950 1955 1960 1968 1978 2003 2020 2025 2032 2038 2044 2051 2054 2057 2061 2063 2065 2067 2070 2072 2076
1371 1376 1378 1383 1392 1402 1412 1422 1430 1441 1444 1438 1428 1419 1429 1446 1463 1478 1484 1490 1496 1504 1513 1535 1564 1577 1592 1608 1638 1671 1700 1707 1714 1734 1757 1778 1784 1792 1800 1817 1834 1862 1883 1902 1916 1930 1941 1947 1953 1958 1961 1962 1964 1953 1947 1941 1935 1929 1924 1917 1907 1920 1928 1938 1946 1956 1966 1978 1990 2000 2009 2020 2031 2041 2044 2045 2045 2050 2055 2061 2061 2062 2062 2066
1360 1356 1356 1368 1380 1391 1400 1410 1414 1420 1417 1412 1406 1399 1398 1429 1448 1461 1468 1474 1480 1488 1496 1516 1547 1556 1560 1575 1591 1609 1631 1654 1679 1703 1726 1748 1765 1774 1790 1809 1829 1853 1874 1891 1905 1917 1927 1937 1945 1954 1960 1961 1953 1942 1935 1926 1925 1922 1910 1900 1897 1904 1917 1926 1939 1950 1961 1971 1981 1990 1999 2007 2013 2021 2029 2029 2029 2037 2039 2042 2045 2048 2048 2051
1366 1362 1356 1351 1364 1380 1381 1382 1386 1382 1386 1388 1386 1375 1377 1397 1427 1441 1449 1457 1463 1470 1478 1496 1518 1531 1540 1549 1566 1583 1602 1634 1663 1683 1692 1700 1740 1754 1778 1806 1827 1845 1865 1876 1888 1900 1912 1924 1932 1940 1949 1949 1943 1933 1920 1914 1914 1916 1904 1896 1892 1896 1907 1921 1935 1947 1960 1967 1975 1982 1988 1995 2000 2003 2006 2010 2013 2016 2018 2021 2024 2027 2029 2031
1367 1363 1357 1347 1350 1352 1355 1360 1360 1358 1360 1364 1367 1358 1354 1373 1399 1417 1429 1438 1446 1452 1459 1474 1494 1510 1512 1528 1553 1576 1599 1640 1658 1660 1671 1692 1717 1745 1780 1805 1821 1835 1850 1863 1874 1885 1896 1907 1917 1925 1931 1935 1931 1922 1913 1902 1894 1895 1894 1888 1883 1893 1906 1916 1927 1941 1948 1955 1965 1976 1980 1982 1984 1986 1989 1991 1993 1996 1999 2001 2003 2005 2010 2013
1369 1362 1354 1347 1339 1333 1333 1334 1336 1337 1340 1344 1346 1336 1336 1346 1365 1394 1413 1422 1429 1435 1443 1452 1460 1477 1493 1508 1540 1572 1604 1635 1637 1639 1653 1677 1705 1745 1772 1793 1809 1824 1839 1852 1863 1873 1884 1895 1901 1905 1909 1914 1918 1914 1905 1895 1881 1874 1868 1871 1880 1889 1900 1910 1922 1931 1939 1949 1961 1967 1969 1971 1973 1974 1974 1973 1976 1979 1982 1982 1986 1989 1993 1995
1385 1379 1371 1362 1346 1330 1318 1313 1313 1315 1318 1321 1326 1318 1314 1324 1338 1365 1391 1405 1414 1422 1427 1432 1437 1444 1469 1487 1509 1547 1583 1605 1615 1631 1652 1678 1706 1741 1763 1778 1794 1811 1825 1840 1853 1865 1876 1886 1891 1892 1894 1896 1897 1898 1892 1882 1873 1863 1856 1874 1884 1890 1897 1907 1918 1918 1923 1934 1947 1958 1959 1959 1961 1960 1959 1957 1958 1958 1960 1964 1966 1969 1973 1976
1399 1392 1385 1376 1364 1347 1326 1305 1295 1294 1294 1299 1303 1299 1289 1300 1313 1337 1358 1382 1402 1407 1412 1415 1420 1432 1445 1461 1477 1494 1531 1594 1613 1628 1642 1666 1710 1738 1750 1766 1782 1799 1811 1828 1847 1860 1870 1880 1881 1880 1880 1881 1884 1884 1877 1869 1860 1851 1847 1866 1881 1888 1895 1902 1911 1910 1910 1919 1927 1934 1939 1942 1946 1946 1944 1942 1942 1945 1948 1952 1955 1959 1962 1965
1407 1402 1396 1386 1375 1360 1344 1322 1299 1284 1278 1278 1280 1279 1272 1277 1291 1309 1327 1344 1362 1382 1397 1397 1406 1416 1427 1442 1461 1480 1500 1600 1608 1616 1630 1681 1716 1728 1740 1754 1770 1786 1804 1821 1838 1855 1863 1869 1869 1866 1867 1868 1868 1865 1860 1854 1846 1838 1839 1862 1870 1877 1887 1900 1905 1902 1899 1904 1911 1917 1921 1925 1928 1930 1929 1929 1929 1931 1934 1937 1940 1943 1948 1954
1411 1405 1398 1387 1377 1365 1349 1331 1312 1294 1280 1268 1260 1258 1255 1257 1270 1284 1298 1316 1335 1354 1371 1384 1398 1407 1414 1424 1445 1467 1489 1520 1565 1603 1632 1690 1709 1723 1736 1749 1761 1778 1795 1820 1835 1846 1855 1858 1858 1856 1853 1850 1849 1846 1843 1841 1830 1819 1830 1852 1860 1872 1882 1888 1895 1890 1889 1893 1897 1902 1905 1908 1912 1916 1918 1915 1915 1919 1921 1924 1928 1933 1937 1941
1411 1405 1398 1389 1379 1368 1353 1336 1321 1305 1290 1277 1267 1258 1250 1241 1233 1253 1276 1301 1313 1329 1345 1360 1375 1391 1405 1419 1438 1458 1477 1496 1537 1582 1644 1687 1699 1713 1728 1741 1755 1770 1786 1805 1823 1830 1837 1836 1836 1833 1831 1829 1827 1824 1821 1816 1806 1801 1834 1845 1857 1867 1878 1881 1881 1878 1877 1881 1883 1887 1890 1895 1898 1901 1904 1903 1901 1905 1909 1914 1918 1922 1926 1929
1405 1402 1396 1388 1380 1373 1365 1356 1338 1324 1311 1300 1278 1268 1257 1245 1234 1222 1239 1263 1287 1305 1317 1338 1358 1377 1394 1413 1435 1454 1474 1492 1532 1584 1643 1675 1688 1701 1718 1730 1741 1758 1773 1793 1805 1815 1821 1822 1819 1818 1816 1815 1810 1805 1799 1794 1789 1809 1827 1837 1849 1861 1868 1866 1860 1863 1866 1869 1871 1873 1876 1879 1880 1884 1890 1890 1891 1897 1903 1906 1911 1916 1920 1922
1401 1395 1388 1380 1377 1373 1369 1364 1360 1351 1341 1321 1295 1280 1266 1251 1235 1220 1215 1237 1260 1283 1305 1323 1341 1360 1380 1398 1420 1442 1465 1488 1558 1615 1640 1662 1681 1692 1704 1720 1730 1743 1760 1777 1787 1797 1804 1805 1802 1800 1800 1802 1797 1790 1782 1778 1783 1804 1817 1829 1840 1853 1861 1853 1840 1841 1847 1852 1860 1863 1866 1866 1868 1871 1875 1878 1883 1889 1894 1901 1902 1903 1904 1905
1389 1386 1380 1377 1372 1366 1360 1355 1352 1346 1340 1327 1312 1300 1278 1262 1237 1222 1212 1221 1245 1267 1288 1307 1323 1342 1357 1374 1393 1411 1438 1464 1491 1541 1600 1642 1656 1683 1695 1707 1721 1732 1743 1756 1767 1780 1784 1787 1788 1787 1785 1782 1779 1772 1765 1763 1783 1795 1807 1820 1834 1847 1860 1853 1839 1820 1830 1839 1843 1848 1854 1853 1852 1854 1856 1858 1863 1871 1880 1881 1883 1885 1887 1889
1379 1377 1374 1371 1366 1360 1356 1352 1347 1342 1335 1325 1311 1296 1282 1264 1243 1224 1213 1202 1218 1242 1265 1290 1310 1327 1342 1362 1380 1397 1421 1451 1482 1525 1581 1625 1648 1662 1678 1694 1709 1720 1731 1742 1748 1757 1763 1769 1774 1773 1770 1765 1761 1749 1739 1760 1776 1788 1800 1810 1822 1835 1846 1846 1837 1820 1820 1820 1824 1827 1830 1835 1839 1840 1839 1842 1848 1853 1858 1863 1869 1870 1870 1873
1388 1379 1376 1373 1371 1365 1356 1347 1340 1332 1324 1321 1311 1299 1288 1275 1255 1233 1218 1207 1198 1211 1238 1264 1290 1313 1330 1348 1365 1384 1402 1428 1455 1484 1514 1555 1600 1639 1664 1680 1694 1706 1719 1726 1733 1740 1747 1753 1759 1761 1760 1751 1740 1731 1741 1755 1768 1781 1790 1800 1806 1815 1823 1827 1823 1821 1813 1805 1809 1813 1817 1820 1823 1824 1826 1831 1836 1840 1845 1852 1857 1857 1855 1858
1377 1378 1374 1377 1378 1377 1370 1360 1351 1336 1313 1300 1295 1290 1286 1282 1264 1251 1236 1215 1199 1197 1221 1247 1276 1300 1316 1332 1348 1365 1381 1398 1423 1448 1471 1494 1540 1581 1612 1635 1667 1687 1701 1710 1708 1705 1715 1736 1744 1748 1747 1743 1736 1722 1740 1751 1760 1770 1779 1785 1791 1797 1804 1810 1811 1813 1805 1800 1800 1800 1805 1809 1811 1814 1817 1820 1823 1827 1830 1833 1836 1840 1840 1843
1352 1359 1362 1366 1371 1380 1395 1405 1402 1371 1348 1319 1287 1280 1276 1270 1263 1253 1240 1218 1199 1190 1215 1237 1260 1283 1304 1319 1335 1351 1367 1384 1400 1422 1444 1466 1489 1515 1553 1587 1612 1633 1659 1678 1678 1679 1693 1710 1725 1736 1736 1734 1732 1721 1715 1743 1752 1760 1764 1772 1777 1782 1790 1799 1802 1802 1801 1800 1800 1800 1799 1798 1800 1804 1805 1807 1810 1813 1816 1821 1823 1827 1829 1834
1332 1337 1343 1354 1363 1368 1377 1400 1405 1401 1357 1338 1313 1274 1260 1256 1253 1248 1242 1220 1205 1193 1198 1219 1241 1262 1283 1302 1320 1337 1353 1370 1387 1404 1421 1439 1456 1474 1491 1514 1544 1573 1609 1642 1654 1669 1686 1705 1721 1726 1723 1720 1720 1716 1697 1731 1740 1749 1757 1762 1767 1773 1778 1781 1785 1789 1789 1789 1788 1787 1785 1780 1783 1791 1795 1794 1793 1796 1801 1805 1808 1812 1816 1820
1311 1315 1321 1328 1335 1342 1351 1360 1374 1377 1364 1347 1323 1286 1258 1245 1243 1237 1231 1224 1214 1197 1187 1203 1223 1240 1261 1280 1302 1317 1335 1352 1369 1385 1401 1416 1431 1446 1460 1475 1491 1519 1573 1632 1657 1673 1695 1708 1717 1714 1710 1708 1705 1702 1692 1720 1731 1742 1747 1753 1758 1764 1769 1772 1773 1774 1775 1776 1773 1770 1770 1770 1775 1780 1779 1779 1778 1779 1783 1788 1795 1799 1803 1807
