app/alps_big.asc
ncols        240
nrows        190
xllcorner    9.301527777847
yllcorner    46.804305555559
cellsize     0.000277777778
NODATA_value -9999
[rows 82 to 122 of 190, columns 93 to 185 of 240]
846 843 840 837 836 834 833 829 825 826 828 829 832 834 834 832 834 835 836 839 840 842 843 843 842 842 840 839 839 840 842 844 846 849 849 849 849 848 846 844 840 840 837 839 840 836 832 834 832 833 835 835 834 834 834 835 836 836 838 839 845 852 859 871 884 897 913 927 943 953 965 979 990 1002 1021 1036 1057 1096 1180 1193 1192 1193 1195 1195 1194 1193 1193 1192 1194 1198 1200 1201 1201
832 827 824 820 820 820 820 820 820 820 820 820 820 819 819 819 819 820 821 823 824 825 826 826 826 825 825 824 824 824 824 826 827 827 827 828 828 829 828 827 825 822 820 823 828 822 822 823 821 823 822 823 822 822 824 826 830 832 835 837 839 844 854 865 877 890 903 916 929 941 953 964 976 988 1000 1020 1048 1080 1151 1177 1180 1181 1181 1180 1180 1180 1179 1180 1182 1185 1187 1189 1190
820 820 820 819 819 819 819 820 818 816 815 813 811 810 810 810 810 810 810 810 810 810 810 809 810 810 810 811 811 813 813 814 814 815 816 816 817 817 818 815 816 816 817 817 813 808 810 816 820 820 820 818 818 819 820 823 825 829 832 835 837 839 848 859 869 878 890 902 914 925 939 947 956 967 980 1003 1018 1059 1112 1165 1167 1169 1171 1173 1172 1171 1172 1173 1173 1174 1174 1177 1179
819 819 819 818 818 817 817 817 817 816 814 812 810 809 809 808 807 806 805 805 804 803 802 804 805 805 807 808 808 808 809 809 809 810 810 811 811 811 810 810 810 812 814 810 801 800 801 808 814 813 817 818 819 820 821 821 824 827 829 832 835 837 839 847 857 867 877 887 896 905 917 930 945 973 1001 1011 1020 1032 1047 1089 1131 1158 1160 1164 1164 1163 1165 1165 1164 1163 1162 1161 1165
812 812 813 814 814 815 815 815 816 815 814 813 812 811 810 809 808 807 805 804 803 802 800 800 801 803 805 806 808 809 810 810 810 810 810 810 810 810 810 810 810 810 812 803 800 799 802 809 814 820 820 820 820 820 820 820 822 825 827 829 831 833 835 837 842 852 861 872 882 891 901 935 977 1018 1054 1068 1059 1060 1069 1078 1095 1115 1145 1153 1154 1153 1157 1157 1154 1151 1149 1147 1150
810 810 811 812 812 813 814 814 815 814 814 813 812 811 810 809 808 807 806 804 803 802 801 800 800 802 803 805 806 807 809 810 810 810 810 810 810 810 810 809 810 810 805 800 797 798 801 805 807 810 815 820 820 820 820 820 821 823 825 826 828 829 831 833 837 842 849 856 863 875 888 913 969 1015 1068 1111 1118 1093 1086 1091 1098 1109 1121 1132 1141 1141 1140 1138 1137 1135 1135 1133 1133
802 806 810 810 811 812 812 813 814 814 813 812 812 811 810 809 808 807 806 805 803 802 801 800 801 802 804 805 806 808 809 810 810 810 810 810 809 809 808 807 806 806 800 798 796 798 800 802 805 808 812 819 820 820 820 820 820 821 822 823 824 826 827 829 833 837 841 847 852 857 869 886 931 1000 1079 1119 1122 1120 1105 1080 1083 1083 1095 1105 1117 1122 1122 1123 1120 1119 1117 1116 1116
797 801 803 805 808 811 811 811 812 812 812 812 811 811 811 810 809 808 807 805 804 803 802 801 800 801 803 805 806 808 810 810 810 810 810 808 807 805 804 803 802 801 799 797 795 797 799 802 805 808 812 815 817 819 820 819 820 820 820 821 822 823 824 825 829 831 834 836 839 846 856 869 886 968 1064 1101 1104 1105 1108 1096 1061 1064 1073 1083 1095 1100 1104 1104 1101 1098 1097 1094 1092
800 797 801 803 805 806 808 810 811 811 811 811 811 811 810 809 808 807 806 805 804 802 801 800 800 801 803 804 806 807 809 810 810 810 809 807 804 802 801 800 798 797 796 794 795 799 801 803 805 807 810 812 816 819 820 820 820 820 820 820 820 820 820 821 824 827 830 832 834 837 839 856 870 892 1000 1085 1087 1088 1090 1091 1091 1072 1060 1060 1067 1081 1084 1085 1080 1076 1072 1067 1063
802 799 796 797 800 800 802 804 806 808 810 811 807 800 799 799 802 802 802 801 801 801 800 800 801 802 803 805 806 807 808 810 810 810 808 805 801 801 799 797 796 794 793 793 797 801 803 806 810 810 812 814 816 818 819 819 819 820 820 820 820 820 820 820 820 820 819 820 823 828 833 837 851 871 891 975 1044 1070 1074 1075 1076 1077 1074 1060 1060 1060 1059 1060 1057 1054 1051 1049 1046
809 804 800 799 798 796 795 800 799 799 798 800 798 797 797 798 799 801 802 801 801 801 799 800 801 802 803 804 805 806 807 808 809 810 810 804 799 797 795 793 792 790 793 796 801 810 811 812 813 814 814 815 816 817 818 818 819 819 820 820 820 820 819 819 819 819 818 818 819 819 820 828 837 860 875 895 953 1020 1053 1056 1059 1063 1062 1060 1056 1050 1044 1040 1041 1040 1037 1037 1038
811 809 806 803 800 799 797 795 794 794 793 792 792 792 792 794 795 800 802 801 801 801 798 800 801 801 802 803 804 805 806 807 807 807 807 799 796 794 793 792 790 791 794 798 810 810 811 812 812 813 814 815 816 816 817 817 817 817 819 819 818 818 818 817 817 817 816 816 817 817 818 819 825 837 855 912 936 963 993 1015 1035 1040 1042 1044 1044 1040 1038 1037 1035 1031 1028 1029 1030
813 812 811 808 805 803 800 797 796 796 794 794 793 793 792 792 790 790 790 794 801 799 796 800 801 801 802 803 804 805 805 805 804 803 801 798 793 791 791 790 790 793 798 807 810 810 811 811 811 812 812 813 813 814 815 815 816 816 817 817 816 816 816 815 815 815 814 814 815 816 816 816 818 841 852 878 901 920 940 951 966 1000 1013 1030 1029 1023 1020 1020 1022 1020 1020 1021 1023
814 813 811 810 807 805 803 800 799 798 797 796 795 794 793 792 791 790 790 789 787 788 790 790 792 800 801 802 802 803 804 803 802 802 801 790 790 789 789 791 795 799 807 810 810 810 811 811 811 812 812 812 812 813 814 814 815 815 816 816 815 815 815 814 814 814 813 812 813 813 814 814 817 826 844 858 881 900 916 940 947 953 961 971 983 991 1000 1001 1008 1012 1014 1014 1016
815 814 813 812 810 808 806 804 802 800 799 798 797 796 795 794 793 792 791 790 788 787 788 788 789 791 800 800 801 802 802 802 801 801 790 788 789 790 793 797 801 810 810 810 810 810 810 810 810 810 810 810 811 812 813 813 813 813 814 814 812 813 813 812 812 813 812 810 811 811 811 811 815 821 839 850 864 883 900 936 954 954 955 959 962 967 974 979 990 1002 1008 1007 1006
814 813 812 811 810 809 807 806 804 803 801 800 799 798 797 796 795 793 792 791 789 788 786 787 788 789 794 800 800 801 801 801 796 789 787 790 791 794 796 798 802 810 810 810 810 810 810 810 810 810 810 810 810 810 811 811 812 812 813 812 811 810 810 811 810 810 811 810 810 810 810 810 810 815 825 842 856 874 892 917 952 960 959 952 948 942 944 950 976 1000 1001 1000 996
814 813 812 810 809 808 807 806 805 804 803 802 801 800 799 797 796 795 793 792 791 789 787 785 786 787 788 789 792 790 790 789 788 786 788 789 791 793 795 798 800 805 809 810 810 810 810 810 809 809 809 809 809 809 810 810 810 811 811 810 810 809 810 809 810 810 810 810 810 810 810 810 810 810 816 830 845 858 885 905 925 943 962 958 952 940 940 943 976 989 987 985 981
813 812 810 809 809 808 807 806 805 804 803 803 802 801 800 798 797 795 794 792 790 789 788 787 786 785 785 787 789 788 787 786 785 786 788 789 791 795 798 801 804 807 807 809 809 810 810 810 809 809 809 809 809 809 809 809 809 809 809 809 809 810 809 809 809 809 809 809 809 809 809 809 809 809 810 823 838 853 874 894 919 959 996 990 972 949 936 934 953 968 968 963 959
810 809 808 808 807 806 805 805 804 803 803 802 801 801 799 798 797 795 794 793 791 790 789 787 786 785 783 784 786 786 785 786 787 788 789 792 799 801 802 804 805 806 806 808 809 809 809 808 808 808 808 808 808 808 808 808 808 808 808 808 808 808 808 808 808 808 807 807 807 808 808 808 809 809 809 816 831 847 861 890 916 972 1005 1003 1000 960 924 919 920 935 942 944 943
809 808 807 807 806 806 805 804 804 803 803 802 801 801 800 799 798 796 795 794 793 791 790 789 787 786 785 784 784 784 785 786 787 788 789 795 800 801 802 803 804 804 805 808 808 808 808 807 807 807 807 807 807 807 807 807 807 807 807 807 807 806 806 806 806 806 805 806 806 807 808 808 809 809 813 818 830 843 855 880 902 924 974 963 952 940 924 911 900 900 908 919 930
808 807 807 806 806 805 805 804 804 803 802 802 801 800 800 799 798 797 795 794 793 792 791 790 789 787 786 785 784 783 784 785 787 788 789 793 799 800 802 803 803 804 804 807 807 807 807 806 806 806 806 806 806 806 806 806 806 806 806 806 806 805 805 805 805 805 804 805 806 807 808 809 811 820 823 826 831 843 856 872 893 910 925 939 936 928 920 904 900 900 899 902 919
808 807 807 806 805 805 804 804 803 802 802 801 801 800 799 798 797 796 795 794 793 792 791 790 789 788 786 785 783 782 783 784 785 786 787 788 789 795 801 801 802 802 803 806 806 806 806 805 805 805 805 805 805 805 805 805 805 805 805 805 805 804 804 804 804 804 803 804 805 806 807 808 809 820 823 827 832 847 860 868 882 897 912 928 928 923 915 906 899 897 895 892 902
808 808 807 806 806 805 805 804 803 803 802 802 801 800 800 799 798 797 796 795 794 793 792 791 790 788 786 785 783 782 783 784 785 786 786 787 788 789 798 800 801 801 802 805 805 805 805 805 805 805 805 805 805 805 804 804 804 804 804 804 804 803 803 803 803 803 802 802 803 803 804 804 805 810 822 827 836 850 860 865 871 879 892 910 923 920 913 906 900 893 886 880 885
809 808 807 807 806 806 805 805 804 803 803 802 802 801 801 800 799 798 797 796 795 794 793 792 791 788 786 784 781 781 782 783 784 785 786 787 788 790 800 800 801 801 801 805 805 805 805 804 804 804 804 804 803 803 803 803 802 802 802 802 802 801 802 801 800 800 800 800 800 801 801 801 800 802 811 823 837 852 861 864 867 871 876 886 905 910 906 903 899 893 887 880 880
809 809 808 808 807 807 806 806 805 805 804 803 803 802 802 801 801 800 799 798 797 795 794 793 792 791 788 784 781 782 783 784 785 786 787 788 789 791 798 800 800 801 803 804 804 804 804 803 803 803 803 803 802 802 802 802 801 801 801 801 802 800 800 800 800 800 800 800 800 800 800 801 800 801 809 817 831 849 861 863 865 867 870 876 889 903 902 901 890 880 877 873 868
810 809 809 808 808 807 806 806 805 805 804 804 803 803 802 801 801 800 798 797 795 794 792 791 790 791 789 783 780 780 781 782 783 784 785 786 787 788 789 800 800 800 800 800 800 800 800 800 800 800 800 800 800 800 800 800 800 800 800 800 800 800 800 800 800 800 800 800 800 800 800 800 803 807 812 817 827 844 863 873 875 871 869 872 878 893 901 901 890 879 872 865 859
814 813 812 811 810 809 808 808 807 806 805 804 803 802 801 800 799 797 796 795 793 792 791 790 789 788 787 783 778 780 781 782 783 784 785 786 787 788 789 797 800 800 800 800 801 801 801 801 802 802 802 802 802 803 803 803 803 803 803 803 803 804 802 800 800 800 800 800 800 800 800 802 806 810 815 819 832 850 866 881 885 885 882 877 879 880 891 895 887 876 864 857 849
810 808 807 807 806 804 804 802 802 802 802 801 801 800 799 798 797 796 795 793 792 791 790 789 787 785 782 780 778 780 781 782 783 784 785 786 787 788 789 793 800 800 801 801 802 802 803 803 804 804 805 805 806 806 807 807 807 807 808 808 809 808 807 805 803 801 800 800 800 800 802 807 813 820 826 832 839 856 871 884 895 896 886 879 879 880 879 883 882 875 860 852 843
812 808 808 808 809 807 806 804 801 800 800 800 799 798 797 796 795 793 792 791 790 788 787 785 784 782 781 779 778 780 781 782 783 784 785 786 787 788 789 796 800 800 800 800 800 800 800 800 800 802 803 804 805 805 806 807 808 808 809 810 810 810 810 810 808 808 810 809 808 809 813 817 822 826 831 837 849 862 877 894 907 909 900 879 879 876 873 877 876 868 862 850 837
812 810 810 812 812 813 810 807 800 800 800 799 798 798 796 795 794 793 792 791 790 788 786 785 783 782 780 778 780 781 782 783 784 784 785 786 787 788 789 796 797 797 798 798 798 798 798 799 799 799 799 799 801 802 804 806 808 809 810 811 811 812 812 812 813 814 815 818 820 823 827 831 835 840 845 851 857 865 881 898 914 920 920 906 894 885 878 872 867 861 854 844 833
812 816 816 816 818 818 816 813 810 804 800 799 798 797 796 795 794 793 792 791 790 788 786 785 783 781 780 778 780 781 780 780 781 782 783 785 786 788 789 795 795 797 796 796 797 798 798 798 798 799 799 799 799 800 802 804 806 808 810 813 815 817 820 821 823 823 825 827 830 833 834 837 840 845 849 853 858 868 883 900 920 921 922 919 909 899 887 878 870 863 855 847 836
820 820 820 820 820 821 821 821 819 813 806 800 799 798 796 795 794 793 793 792 791 790 788 786 784 782 780 778 778 780 780 780 781 783 784 786 787 789 791 792 794 797 794 795 795 795 796 796 797 797 797 798 798 799 799 799 802 806 809 811 814 816 820 822 824 827 829 832 834 837 839 843 846 849 852 856 859 868 880 896 918 923 926 930 920 912 904 897 890 881 872 862 848
823 824 824 824 824 823 822 823 823 821 815 808 802 799 797 796 794 793 792 792 791 791 790 788 785 782 780 779 778 779 779 779 781 782 784 785 787 788 790 792 795 797 793 793 794 794 795 795 796 796 797 797 798 798 799 799 800 804 807 810 812 815 820 822 825 827 830 832 835 837 840 844 848 852 856 861 865 871 878 891 907 920 922 925 922 919 913 906 900 892 884 875 865
827 828 828 827 827 826 826 825 825 823 820 815 809 803 799 797 795 794 792 790 790 790 789 788 786 784 783 781 779 778 778 780 781 782 783 785 786 787 789 792 795 798 791 792 792 793 793 794 795 795 796 796 797 797 798 798 799 799 802 805 810 813 817 820 823 826 829 832 835 838 841 843 847 851 855 858 862 869 874 880 893 905 913 917 920 918 913 908 903 897 890 883 875
830 834 833 831 830 829 828 829 828 825 823 819 814 808 802 799 796 794 791 790 789 788 787 787 786 785 783 782 781 779 778 780 781 782 783 785 786 787 788 792 795 798 791 792 792 793 793 794 794 795 795 796 796 797 797 798 799 799 800 801 802 807 811 816 821 826 831 834 840 842 844 846 848 850 853 855 857 859 863 870 878 888 900 907 911 912 909 905 902 897 891 886 880
836 838 835 832 830 830 830 829 829 826 823 820 815 811 806 802 796 790 790 789 788 787 787 786 785 784 783 782 781 780 778 780 781 783 784 785 787 788 790 792 795 798 792 792 793 793 793 794 794 795 795 796 796 796 797 797 798 798 799 799 799 803 810 816 823 828 834 840 842 844 846 850 850 852 853 855 856 858 859 865 871 876 884 895 902 906 904 901 898 893 889 884 879
841 841 840 835 831 830 830 830 828 825 822 819 815 811 808 804 800 791 789 788 786 785 785 784 783 782 782 781 780 778 778 780 782 784 785 786 788 790 791 792 795 798 793 794 794 794 795 795 796 796 796 797 797 797 798 798 798 799 799 799 803 809 815 820 826 832 840 842 844 847 850 852 854 855 856 857 857 858 859 864 870 873 878 884 892 899 901 898 894 890 887 883 879
843 842 841 838 835 832 830 830 829 827 824 822 818 814 810 806 802 793 789 788 786 785 784 783 783 782 782 781 781 778 780 780 782 784 786 787 789 791 792 794 795 798 795 795 795 796 796 796 797 797 797 797 798 798 798 798 799 799 799 799 803 809 815 821 828 835 840 843 846 849 852 855 858 858 858 859 859 859 861 865 869 873 877 883 887 892 894 892 889 887 885 882 879
847 845 843 841 839 835 832 830 830 829 827 824 822 818 813 808 803 796 790 788 786 785 783 782 782 781 781 780 779 778 779 781 783 785 787 789 791 792 794 795 797 798 797 797 797 797 797 798 798 798 798 798 798 798 799 799 799 799 799 799 804 808 814 820 826 833 839 843 847 852 856 860 860 861 862 863 863 865 866 867 869 873 878 881 884 888 888 887 886 884 883 882 879
850 847 844 841 839 837 835 834 834 833 831 830 828 824 819 813 807 798 790 787 784 781 780 780 779 780 779 778 778 778 780 782 784 786 788 790 791 793 795 797 798 799 799 799 799 799 799 799 799 799 799 799 799 799 800 802 804 807 809 811 814 817 820 823 828 832 837 841 845 849 854 858 863 867 869 870 871 870 869 869 869 871 874 877 880 882 883 883 882 881 880 876 872
853 850 848 846 843 841 839 837 837 835 834 832 831 827 822 815 808 800 790 781 780 780 779 779 779 778 778 778 778 779 787 790 791 791 791 792 794 796 798 800 804 804 803 804 805 807 807 807 804 805 804 805 807 808 809 811 811 813 814 816 817 819 822 825 829 832 835 839 842 846 851 858 864 870 872 875 876 874 873 872 870 870 871 873 874 876 876 872 871 870 867 865 863
