app/alps_08.asc
ncols        107
nrows        91
xllcorner    9.418750000000
yllcorner    46.260416666667
cellsize     0.000277777778
NODATA_value -9999
[rows 0 to 37 of 91, columns 0 to 86 of 107]
1155 1182 1197 1212 1229 1247 1266 1286 1305 1324 1335 1344 1349 1358 1368 1380 1396 1422 1440 1463 1490 1516 1543 1565 1580 1580 1581 1580 1580 1580 1577 1576 1572 1570 1568 1567 1565 1564 1562 1560 1557 1554 1553 1551 1549 1547 1545 1545 1544 1539 1545 1557 1570 1585 1610 1638 1661 1677 1687 1695 1700 1704 1708 1710 1715 1715 1714 1712 1714 1714 1722 1722 1717 1708 1704 1704 1704 1705 1700 1704 1705 1731 1760 1776 1790 1800 1800
1136 1157 1174 1192 1220 1240 1264 1284 1302 1308 1300 1312 1323 1346 1360 1376 1392 1411 1432 1454 1475 1495 1530 1562 1577 1585 1591 1598 1602 1602 1601 1597 1595 1593 1588 1586 1584 1582 1581 1580 1575 1570 1570 1567 1567 1567 1567 1566 1563 1561 1560 1567 1577 1588 1613 1650 1672 1693 1706 1716 1720 1722 1723 1724 1727 1727 1728 1730 1731 1731 1740 1744 1745 1744 1739 1732 1733 1734 1735 1732 1735 1738 1773 1789 1803 1817 1826
1120 1148 1176 1200 1224 1244 1263 1275 1280 1284 1285 1296 1314 1336 1356 1368 1380 1392 1407 1426 1446 1470 1490 1515 1552 1583 1594 1609 1620 1622 1620 1618 1617 1615 1614 1613 1615 1608 1606 1603 1593 1586 1591 1596 1600 1594 1590 1585 1586 1586 1586 1585 1586 1595 1620 1660 1675 1701 1720 1726 1733 1737 1740 1742 1744 1746 1749 1752 1751 1754 1757 1760 1763 1765 1764 1762 1758 1756 1753 1757 1760 1758 1765 1801 1814 1830 1849
1120 1151 1185 1208 1234 1249 1262 1265 1264 1260 1268 1282 1300 1320 1340 1357 1367 1376 1384 1389 1394 1399 1428 1464 1508 1550 1579 1608 1625 1637 1645 1644 1643 1640 1640 1642 1641 1641 1640 1630 1620 1617 1620 1620 1621 1620 1612 1610 1615 1613 1608 1603 1600 1607 1639 1660 1686 1706 1722 1735 1745 1753 1760 1760 1763 1765 1768 1773 1777 1780 1781 1785 1789 1793 1793 1789 1785 1780 1776 1777 1784 1784 1782 1787 1813 1837 1857
1129 1160 1200 1220 1236 1246 1252 1247 1241 1242 1253 1270 1286 1302 1317 1328 1340 1348 1353 1358 1376 1393 1422 1454 1493 1523 1561 1605 1634 1649 1660 1670 1675 1670 1668 1666 1666 1664 1663 1661 1657 1654 1651 1648 1645 1642 1640 1639 1643 1642 1635 1620 1622 1631 1643 1664 1685 1709 1727 1741 1758 1768 1780 1787 1790 1794 1797 1800 1803 1804 1811 1820 1816 1816 1814 1810 1806 1800 1798 1800 1816 1809 1805 1800 1809 1840 1866
1140 1172 1197 1211 1220 1223 1223 1218 1214 1224 1238 1253 1267 1284 1294 1297 1300 1316 1330 1349 1374 1390 1423 1455 1487 1522 1559 1600 1626 1647 1662 1677 1685 1694 1700 1696 1695 1687 1684 1682 1680 1678 1675 1673 1667 1664 1662 1660 1668 1672 1671 1664 1660 1663 1663 1669 1687 1712 1734 1752 1767 1782 1798 1808 1820 1821 1823 1826 1827 1830 1834 1837 1842 1841 1840 1836 1833 1827 1820 1832 1843 1843 1840 1833 1841 1862 1880
1145 1167 1182 1188 1191 1190 1188 1190 1194 1207 1219 1230 1241 1253 1266 1278 1300 1312 1329 1350 1371 1391 1418 1449 1479 1505 1543 1578 1609 1635 1659 1675 1688 1703 1717 1720 1721 1720 1710 1705 1699 1698 1700 1700 1698 1690 1688 1682 1690 1703 1702 1702 1701 1695 1692 1690 1695 1711 1735 1760 1778 1794 1810 1822 1828 1836 1840 1843 1847 1848 1852 1855 1860 1860 1860 1860 1860 1852 1854 1863 1873 1873 1870 1868 1872 1885 1897
1145 1160 1164 1168 1169 1164 1162 1165 1178 1191 1203 1213 1222 1228 1242 1263 1292 1300 1324 1349 1374 1398 1418 1447 1477 1494 1523 1559 1597 1624 1650 1675 1690 1703 1720 1726 1734 1736 1734 1732 1725 1724 1724 1723 1720 1720 1720 1715 1716 1724 1730 1732 1730 1730 1730 1725 1720 1719 1738 1761 1780 1803 1817 1834 1845 1853 1860 1862 1865 1868 1871 1872 1875 1877 1880 1884 1882 1878 1877 1889 1900 1902 1894 1890 1894 1905 1919
1133 1142 1142 1142 1141 1137 1138 1147 1157 1167 1180 1188 1199 1220 1233 1253 1277 1302 1323 1350 1375 1395 1415 1442 1469 1488 1514 1549 1584 1610 1643 1682 1693 1704 1725 1740 1745 1749 1750 1752 1752 1751 1750 1746 1745 1745 1744 1743 1748 1752 1755 1754 1755 1757 1760 1762 1763 1759 1750 1760 1782 1804 1823 1840 1854 1871 1881 1886 1892 1900 1901 1904 1904 1908 1908 1911 1908 1905 1904 1917 1929 1927 1917 1913 1918 1928 1937
1098 1100 1100 1105 1107 1112 1120 1129 1140 1143 1160 1177 1200 1216 1236 1260 1283 1311 1333 1360 1387 1405 1427 1455 1477 1498 1528 1569 1600 1622 1656 1685 1693 1705 1725 1740 1752 1761 1764 1769 1771 1773 1776 1775 1775 1769 1767 1763 1766 1771 1775 1778 1781 1783 1785 1786 1789 1790 1787 1780 1781 1804 1824 1844 1863 1880 1894 1907 1920 1927 1928 1931 1932 1934 1936 1937 1931 1929 1934 1946 1957 1952 1947 1938 1942 1949 1956
1064 1067 1072 1080 1085 1091 1096 1102 1117 1132 1154 1174 1196 1216 1236 1260 1289 1313 1340 1366 1392 1415 1436 1464 1480 1511 1541 1570 1600 1629 1658 1688 1693 1699 1720 1738 1752 1764 1776 1784 1790 1796 1800 1800 1793 1792 1787 1784 1784 1788 1794 1800 1805 1807 1808 1810 1809 1811 1813 1812 1810 1810 1823 1847 1867 1885 1902 1922 1938 1943 1945 1949 1952 1954 1957 1959 1960 1961 1964 1972 1982 1977 1972 1967 1969 1971 1976
1028 1038 1051 1060 1067 1073 1080 1090 1103 1120 1142 1163 1180 1204 1220 1247 1277 1297 1335 1363 1380 1409 1421 1435 1450 1475 1507 1542 1578 1615 1653 1691 1694 1697 1707 1728 1747 1765 1780 1790 1800 1801 1802 1803 1804 1805 1806 1808 1811 1817 1818 1821 1823 1825 1826 1828 1828 1828 1829 1830 1832 1833 1835 1844 1866 1895 1916 1930 1944 1953 1961 1965 1967 1972 1977 1982 1987 1990 1996 2003 2012 2010 2005 1995 1988 1993 1998
1014 1019 1026 1036 1047 1062 1072 1083 1096 1111 1130 1152 1171 1189 1215 1239 1264 1282 1297 1322 1352 1365 1377 1390 1407 1446 1484 1527 1572 1615 1653 1694 1695 1698 1711 1730 1749 1765 1777 1790 1800 1807 1815 1821 1823 1826 1829 1832 1834 1838 1840 1840 1842 1845 1847 1850 1852 1855 1857 1855 1860 1862 1857 1862 1870 1892 1913 1931 1948 1960 1967 1975 1983 1990 2000 2003 2010 2018 2025 2033 2040 2044 2045 2029 2017 2020 2027
995 1000 1013 1024 1040 1056 1071 1084 1099 1120 1140 1153 1172 1189 1207 1230 1252 1270 1287 1304 1325 1345 1366 1387 1415 1453 1492 1533 1575 1616 1656 1696 1698 1711 1730 1745 1755 1768 1780 1784 1788 1797 1806 1818 1823 1828 1834 1839 1844 1849 1854 1860 1861 1862 1865 1867 1870 1872 1875 1878 1880 1882 1884 1886 1887 1893 1911 1930 1949 1964 1975 1986 1997 2005 2015 2025 2034 2040 2049 2059 2068 2076 2080 2076 2064 2062 2061
983 999 1012 1020 1036 1054 1068 1080 1100 1123 1143 1160 1176 1190 1200 1221 1240 1261 1282 1304 1326 1347 1369 1391 1421 1457 1492 1544 1579 1621 1668 1700 1717 1731 1746 1760 1762 1764 1766 1768 1773 1773 1783 1796 1806 1817 1825 1834 1841 1847 1852 1858 1869 1876 1881 1885 1885 1888 1891 1895 1900 1908 1915 1915 1911 1910 1927 1943 1960 1973 1986 1998 2010 2021 2033 2044 2056 2068 2073 2086 2097 2106 2116 2111 2106 2101 2095
975 988 998 1014 1029 1045 1060 1076 1100 1123 1140 1154 1168 1183 1197 1211 1227 1248 1272 1295 1318 1340 1363 1386 1415 1461 1500 1548 1596 1638 1680 1706 1720 1731 1741 1744 1746 1749 1752 1755 1754 1746 1757 1770 1781 1791 1800 1816 1826 1838 1845 1854 1860 1870 1878 1887 1898 1907 1916 1923 1929 1934 1940 1940 1944 1944 1951 1957 1970 1983 1997 2010 2029 2038 2052 2070 2085 2100 2112 2125 2138 2150 2154 2144 2136 2126 2117
968 983 997 1013 1034 1060 1073 1089 1107 1129 1141 1153 1166 1179 1192 1205 1217 1248 1281 1293 1309 1339 1362 1387 1417 1455 1496 1543 1595 1628 1659 1691 1705 1712 1720 1723 1727 1732 1737 1740 1737 1732 1736 1746 1753 1764 1777 1788 1800 1813 1823 1832 1843 1854 1863 1867 1876 1885 1893 1910 1931 1946 1960 1962 1964 1968 1971 1978 1992 1998 2014 2033 2048 2063 2079 2094 2109 2124 2139 2154 2169 2184 2200 2190 2178 2163 2147
978 993 1007 1027 1055 1077 1097 1109 1121 1135 1147 1159 1171 1183 1200 1215 1240 1272 1288 1304 1327 1350 1372 1392 1417 1444 1472 1500 1559 1606 1624 1642 1665 1683 1700 1709 1718 1725 1726 1721 1720 1719 1718 1720 1726 1734 1747 1765 1778 1791 1804 1813 1821 1830 1842 1845 1851 1853 1860 1878 1904 1923 1960 1968 1979 1985 1992 2000 2010 2024 2036 2050 2063 2077 2091 2106 2123 2139 2154 2171 2188 2200 2203 2203 2201 2192 2178
989 1003 1026 1057 1074 1094 1110 1123 1133 1142 1152 1164 1179 1192 1212 1239 1267 1284 1295 1313 1336 1359 1381 1404 1425 1445 1466 1487 1516 1555 1594 1615 1635 1656 1678 1692 1708 1720 1716 1714 1712 1712 1710 1708 1705 1708 1720 1733 1747 1760 1779 1791 1803 1807 1814 1820 1830 1830 1830 1841 1862 1894 1922 1946 1967 1984 1996 2009 2020 2031 2043 2054 2067 2079 2090 2102 2116 2130 2144 2161 2175 2190 2201 2199 2193 2194 2201
1012 1026 1052 1071 1075 1100 1123 1136 1148 1160 1170 1180 1194 1200 1230 1260 1276 1285 1294 1309 1331 1353 1375 1400 1421 1444 1467 1490 1515 1541 1572 1592 1623 1650 1675 1700 1704 1707 1710 1711 1710 1706 1703 1697 1684 1687 1696 1707 1719 1731 1743 1755 1771 1783 1793 1803 1811 1803 1800 1800 1825 1853 1883 1911 1937 1957 1973 1982 1992 2000 2013 2027 2040 2054 2067 2085 2100 2112 2127 2141 2159 2171 2186 2183 2178 2184 2200
1027 1051 1067 1090 1106 1121 1137 1151 1158 1170 1182 1195 1215 1240 1261 1280 1288 1293 1299 1317 1336 1355 1374 1394 1413 1430 1450 1463 1510 1536 1560 1584 1612 1645 1680 1703 1711 1720 1720 1720 1720 1715 1703 1680 1655 1661 1679 1693 1705 1716 1728 1736 1746 1762 1774 1784 1788 1788 1790 1792 1797 1823 1847 1871 1895 1912 1925 1938 1952 1965 1982 1995 2008 2024 2039 2058 2071 2090 2109 2125 2141 2157 2170 2165 2163 2170 2184
1044 1063 1080 1103 1120 1132 1146 1162 1172 1181 1194 1217 1244 1271 1300 1302 1300 1303 1318 1337 1356 1379 1394 1410 1431 1436 1445 1462 1479 1506 1531 1561 1592 1636 1681 1706 1716 1720 1720 1720 1720 1713 1700 1666 1631 1632 1646 1660 1675 1686 1700 1700 1714 1722 1730 1739 1748 1756 1757 1758 1759 1773 1791 1811 1845 1875 1902 1915 1928 1941 1953 1973 1983 2000 2015 2033 2052 2070 2088 2108 2124 2140 2154 2149 2145 2149 2165
1050 1066 1085 1106 1122 1137 1153 1166 1176 1190 1209 1239 1270 1301 1312 1320 1330 1341 1353 1373 1384 1400 1415 1430 1445 1441 1428 1424 1413 1429 1468 1500 1556 1606 1666 1703 1711 1720 1720 1720 1715 1707 1683 1642 1596 1605 1617 1630 1642 1654 1666 1682 1694 1703 1707 1712 1716 1716 1718 1716 1714 1726 1746 1784 1816 1845 1886 1903 1912 1928 1941 1954 1968 1983 1996 2014 2033 2053 2072 2092 2109 2124 2137 2132 2127 2132 2139
1051 1068 1086 1105 1125 1137 1153 1166 1180 1191 1212 1242 1278 1305 1322 1356 1387 1400 1404 1411 1420 1426 1443 1453 1434 1414 1400 1399 1399 1398 1409 1454 1500 1562 1622 1677 1703 1710 1714 1711 1705 1700 1642 1588 1558 1572 1582 1591 1600 1609 1617 1626 1641 1650 1659 1668 1677 1679 1680 1680 1686 1696 1738 1769 1809 1834 1858 1880 1889 1896 1900 1919 1938 1959 1978 1993 2014 2034 2054 2074 2094 2109 2121 2117 2115 2115 2118
1049 1065 1080 1102 1117 1133 1150 1165 1180 1191 1213 1246 1280 1304 1328 1369 1403 1421 1436 1452 1469 1459 1443 1429 1413 1400 1399 1397 1396 1394 1394 1400 1452 1500 1552 1611 1647 1686 1701 1701 1700 1641 1600 1542 1524 1533 1541 1556 1564 1574 1582 1591 1593 1600 1613 1620 1627 1631 1633 1640 1676 1704 1726 1751 1774 1796 1828 1855 1870 1882 1887 1897 1916 1938 1960 1976 1991 2008 2033 2053 2073 2094 2106 2104 2099 2105 2106
1036 1053 1071 1090 1116 1131 1151 1167 1182 1198 1216 1245 1275 1300 1326 1366 1395 1420 1456 1472 1457 1443 1431 1419 1408 1400 1398 1395 1391 1389 1388 1391 1413 1446 1487 1528 1569 1600 1615 1612 1600 1569 1515 1491 1489 1495 1500 1506 1519 1526 1534 1542 1549 1558 1566 1574 1582 1593 1600 1635 1671 1704 1726 1747 1769 1789 1812 1835 1853 1869 1879 1893 1907 1925 1942 1955 1968 1981 1997 2023 2046 2070 2086 2084 2092 2100 2102
1040 1053 1076 1096 1120 1136 1155 1170 1186 1208 1227 1250 1278 1300 1326 1355 1384 1410 1458 1446 1437 1425 1418 1411 1403 1398 1395 1391 1388 1385 1381 1378 1381 1411 1437 1470 1500 1523 1541 1524 1508 1476 1450 1447 1454 1461 1464 1467 1470 1474 1478 1484 1494 1498 1507 1524 1542 1560 1585 1616 1658 1700 1728 1756 1784 1807 1820 1835 1854 1874 1888 1900 1907 1916 1926 1933 1944 1954 1963 1986 2009 2030 2023 2039 2053 2067 2081
1040 1056 1076 1099 1120 1138 1160 1174 1194 1218 1225 1244 1285 1302 1331 1355 1380 1407 1425 1416 1410 1406 1405 1403 1402 1396 1383 1371 1359 1352 1341 1330 1318 1363 1405 1430 1454 1464 1461 1449 1429 1410 1396 1408 1417 1423 1426 1422 1421 1418 1425 1436 1448 1466 1477 1488 1500 1519 1563 1616 1658 1700 1737 1774 1804 1819 1838 1854 1872 1889 1900 1901 1902 1903 1905 1909 1914 1922 1926 1948 1970 1993 1981 1995 2015 2028 2042
1036 1056 1080 1100 1122 1137 1156 1180 1194 1216 1219 1237 1277 1311 1336 1363 1385 1400 1400 1396 1386 1388 1398 1401 1398 1382 1368 1354 1340 1325 1310 1299 1294 1296 1333 1387 1415 1415 1400 1392 1385 1375 1368 1375 1382 1388 1386 1383 1386 1383 1385 1389 1392 1396 1405 1442 1466 1491 1539 1610 1652 1700 1738 1782 1812 1830 1851 1869 1882 1888 1896 1897 1891 1881 1871 1881 1894 1900 1895 1903 1921 1939 1940 1951 1967 1983 2005
1034 1056 1076 1100 1120 1133 1149 1168 1188 1202 1208 1247 1302 1316 1324 1333 1341 1350 1357 1355 1356 1363 1370 1377 1374 1362 1351 1341 1329 1317 1306 1296 1288 1281 1290 1318 1345 1349 1345 1342 1338 1335 1336 1338 1341 1343 1338 1346 1354 1362 1371 1379 1387 1395 1406 1428 1450 1475 1500 1595 1652 1700 1732 1780 1817 1840 1860 1874 1879 1875 1870 1864 1855 1851 1842 1837 1848 1860 1860 1856 1876 1891 1900 1919 1942 1969 1992
1031 1054 1075 1093 1109 1124 1142 1156 1169 1187 1200 1211 1225 1240 1257 1272 1287 1300 1314 1320 1328 1343 1353 1364 1360 1350 1340 1331 1319 1311 1301 1286 1273 1260 1261 1266 1273 1278 1283 1288 1293 1299 1307 1315 1324 1333 1342 1351 1361 1370 1379 1388 1398 1406 1417 1430 1463 1491 1533 1588 1637 1683 1723 1761 1800 1821 1855 1859 1859 1851 1843 1835 1828 1819 1811 1803 1803 1822 1819 1812 1839 1862 1886 1909 1935 1959 1982
1020 1045 1071 1088 1102 1116 1129 1141 1155 1167 1180 1192 1205 1218 1231 1244 1258 1271 1284 1297 1314 1333 1352 1369 1374 1361 1349 1334 1321 1309 1295 1275 1259 1240 1239 1244 1248 1253 1260 1275 1292 1306 1317 1328 1340 1351 1362 1370 1380 1391 1400 1415 1427 1445 1454 1465 1473 1505 1535 1579 1620 1660 1700 1737 1771 1796 1808 1807 1800 1800 1800 1808 1806 1803 1801 1798 1795 1793 1794 1793 1800 1838 1874 1906 1928 1952 1975
1021 1039 1064 1080 1095 1107 1118 1129 1141 1152 1165 1176 1188 1200 1214 1228 1242 1259 1273 1287 1300 1333 1370 1399 1390 1370 1352 1336 1320 1303 1283 1261 1239 1217 1218 1220 1242 1265 1288 1305 1318 1327 1340 1352 1367 1377 1390 1402 1410 1424 1434 1445 1464 1472 1483 1492 1506 1525 1546 1566 1600 1637 1679 1715 1746 1768 1768 1769 1777 1787 1792 1800 1803 1802 1800 1794 1787 1780 1773 1781 1797 1829 1866 1900 1922 1943 1965
1009 1023 1040 1064 1082 1100 1107 1118 1129 1141 1152 1164 1176 1187 1199 1219 1234 1253 1276 1296 1340 1381 1408 1411 1392 1370 1348 1326 1306 1283 1258 1235 1210 1198 1212 1246 1280 1305 1318 1332 1348 1359 1375 1384 1400 1409 1423 1436 1447 1459 1471 1480 1487 1496 1504 1520 1535 1555 1573 1587 1609 1641 1673 1702 1724 1734 1731 1734 1744 1754 1764 1774 1784 1794 1789 1780 1771 1762 1755 1774 1793 1822 1858 1896 1917 1936 1955
988 1005 1016 1035 1058 1073 1088 1106 1117 1127 1138 1152 1166 1188 1209 1229 1251 1274 1296 1343 1400 1420 1439 1419 1395 1367 1340 1311 1285 1259 1237 1212 1193 1184 1212 1275 1308 1322 1340 1354 1368 1382 1397 1408 1419 1435 1455 1479 1500 1500 1500 1506 1511 1515 1528 1545 1562 1580 1600 1621 1644 1659 1675 1691 1703 1703 1695 1695 1707 1716 1725 1734 1743 1752 1762 1752 1742 1736 1751 1770 1788 1805 1850 1888 1911 1933 1948
958 973 989 1004 1025 1040 1064 1084 1106 1125 1142 1160 1177 1195 1216 1238 1259 1281 1310 1357 1400 1432 1446 1420 1392 1358 1324 1293 1266 1240 1212 1188 1175 1171 1222 1277 1310 1328 1346 1364 1380 1397 1411 1424 1437 1456 1480 1493 1501 1504 1508 1512 1516 1520 1533 1550 1566 1575 1591 1604 1612 1620 1630 1638 1655 1657 1653 1656 1673 1690 1703 1710 1721 1730 1737 1728 1718 1723 1743 1764 1784 1810 1830 1880 1905 1921 1927
931 942 979 1000 1020 1051 1077 1100 1114 1128 1142 1158 1172 1187 1203 1228 1254 1279 1308 1348 1387 1405 1410 1400 1356 1318 1290 1263 1242 1208 1188 1170 1153 1172 1222 1277 1312 1333 1354 1375 1395 1413 1428 1443 1460 1466 1480 1480 1484 1490 1500 1504 1508 1512 1519 1523 1529 1534 1547 1555 1564 1572 1580 1588 1596 1600 1609 1618 1636 1654 1672 1691 1702 1708 1713 1700 1700 1716 1735 1759 1779 1800 1824 1865 1894 1895 1895
927 967 1004 1024 1045 1066 1085 1102 1116 1129 1143 1156 1170 1183 1199 1222 1250 1277 1306 1340 1331 1335 1321 1310 1300 1265 1243 1222 1205 1190 1172 1154 1136 1164 1218 1263 1305 1329 1352 1375 1400 1416 1433 1452 1449 1449 1441 1440 1443 1448 1459 1469 1479 1500 1500 1500 1497 1498 1500 1506 1521 1530 1540 1549 1558 1567 1576 1587 1596 1607 1620 1633 1649 1660 1676 1668 1685 1704 1726 1748 1769 1791 1823 1861 1871 1864 1856
