app/alps_05.asc
ncols        346
nrows        249
xllcorner    9.206805555556
yllcorner    46.199583333333
cellsize     0.000277777778
NODATA_value -9999
[rows 190 to 227 of 249, columns 252 to 335 of 346]
1509 1505 1501 1500 1495 1491 1487 1482 1477 1468 1458 1455 1461 1465 1465 1465 1462 1460 1451 1445 1434 1420 1404 1413 1410 1410 1412 1413 1414 1410 1396 1389 1400 1400 1369 1345 1320 1297 1278 1268 1255 1240 1233 1223 1214 1206 1197 1186 1178 1175 1172 1169 1166 1162 1158 1149 1138 1120 1120 1120 1120 1120 1120 1120 1123 1122 1120 1116 1113 1115 1117 1120 1134 1140 1146 1150 1158 1161 1167 1172 1178 1179 1180 1180
1536 1535 1538 1535 1528 1525 1522 1520 1511 1500 1494 1494 1500 1502 1502 1504 1500 1495 1488 1480 1460 1449 1438 1440 1436 1436 1441 1444 1445 1447 1436 1435 1453 1453 1417 1384 1357 1330 1300 1282 1270 1258 1249 1240 1232 1224 1214 1201 1194 1186 1180 1177 1175 1172 1168 1165 1161 1143 1122 1118 1115 1112 1110 1106 1104 1102 1100 1097 1094 1094 1095 1098 1100 1107 1116 1124 1133 1140 1145 1150 1154 1156 1155 1155
1563 1567 1569 1567 1562 1558 1552 1548 1543 1538 1527 1532 1540 1542 1540 1539 1533 1527 1518 1505 1492 1480 1465 1462 1460 1458 1461 1476 1483 1486 1472 1474 1493 1501 1496 1437 1385 1358 1325 1299 1288 1279 1269 1259 1251 1244 1235 1221 1211 1202 1195 1186 1180 1179 1177 1175 1175 1167 1155 1131 1115 1100 1096 1093 1090 1087 1084 1080 1080 1080 1080 1080 1081 1086 1092 1097 1103 1113 1120 1125 1131 1137 1138 1136
1586 1595 1600 1597 1593 1589 1586 1583 1577 1569 1563 1577 1580 1582 1580 1580 1578 1564 1550 1541 1524 1506 1492 1483 1487 1487 1483 1500 1507 1513 1505 1505 1520 1524 1525 1512 1443 1387 1368 1349 1329 1305 1298 1288 1281 1268 1253 1239 1229 1220 1211 1201 1198 1195 1193 1189 1190 1190 1184 1172 1159 1142 1122 1115 1109 1105 1102 1093 1085 1079 1074 1071 1066 1065 1070 1077 1084 1092 1100 1109 1116 1122 1120 1120
1601 1607 1614 1618 1620 1620 1617 1609 1605 1598 1595 1604 1610 1617 1616 1608 1604 1595 1584 1568 1548 1522 1511 1512 1510 1516 1510 1520 1526 1532 1532 1526 1538 1542 1541 1524 1492 1400 1388 1375 1363 1349 1337 1324 1312 1297 1283 1265 1247 1237 1232 1226 1221 1216 1211 1208 1207 1206 1204 1198 1182 1169 1156 1149 1142 1134 1127 1121 1110 1096 1085 1073 1062 1060 1060 1060 1060 1068 1080 1086 1092 1098 1101 1100
1620 1623 1628 1633 1638 1640 1640 1635 1631 1624 1621 1633 1640 1641 1642 1640 1631 1620 1607 1580 1560 1541 1541 1541 1542 1545 1542 1543 1548 1552 1553 1545 1550 1555 1551 1528 1503 1482 1463 1441 1421 1400 1384 1365 1347 1333 1317 1297 1278 1263 1256 1248 1242 1235 1232 1228 1225 1222 1218 1209 1201 1184 1175 1167 1160 1151 1142 1134 1123 1111 1095 1080 1071 1061 1060 1060 1060 1060 1062 1069 1075 1080 1084 1084
1637 1641 1644 1646 1650 1653 1657 1657 1654 1651 1650 1652 1660 1662 1665 1660 1651 1642 1623 1598 1583 1569 1572 1578 1580 1569 1572 1570 1576 1580 1575 1565 1566 1576 1561 1538 1510 1491 1478 1465 1452 1437 1423 1408 1396 1371 1350 1329 1306 1294 1282 1272 1258 1251 1249 1246 1243 1239 1234 1224 1213 1202 1189 1179 1173 1169 1162 1156 1141 1127 1110 1096 1086 1075 1061 1058 1055 1052 1051 1050 1058 1062 1065 1065
1649 1651 1655 1659 1664 1668 1674 1679 1681 1675 1674 1677 1680 1685 1690 1684 1675 1661 1646 1630 1619 1614 1607 1612 1615 1604 1602 1602 1605 1611 1599 1587 1586 1595 1577 1550 1520 1513 1500 1500 1500 1487 1462 1447 1433 1418 1403 1382 1353 1333 1308 1293 1280 1270 1267 1264 1259 1257 1254 1242 1229 1219 1206 1195 1183 1176 1170 1165 1158 1143 1128 1112 1097 1084 1072 1061 1053 1046 1040 1038 1035 1039 1041 1061
1661 1666 1671 1676 1680 1685 1691 1698 1700 1699 1700 1701 1696 1703 1706 1702 1692 1680 1678 1664 1654 1660 1657 1656 1649 1645 1640 1638 1634 1632 1620 1600 1607 1612 1595 1560 1540 1531 1526 1528 1530 1530 1520 1511 1503 1488 1455 1431 1407 1384 1350 1321 1299 1295 1285 1283 1281 1278 1272 1261 1250 1238 1226 1212 1197 1186 1178 1172 1164 1153 1139 1121 1102 1089 1077 1066 1054 1045 1037 1028 1021 1023 1032 1048
1679 1684 1688 1693 1698 1702 1707 1714 1720 1720 1720 1720 1716 1716 1718 1715 1710 1706 1701 1692 1690 1698 1698 1690 1688 1681 1674 1667 1658 1654 1644 1632 1630 1626 1600 1575 1558 1553 1552 1554 1555 1558 1552 1544 1534 1524 1513 1502 1471 1442 1412 1382 1355 1328 1302 1300 1294 1291 1287 1283 1278 1266 1254 1236 1217 1198 1186 1177 1173 1166 1153 1132 1109 1092 1077 1063 1052 1042 1033 1024 1020 1019 1026 1040
1694 1697 1702 1705 1710 1715 1723 1730 1737 1738 1740 1738 1735 1733 1730 1724 1720 1716 1712 1709 1710 1712 1712 1712 1711 1707 1698 1695 1686 1680 1668 1661 1652 1638 1609 1592 1582 1576 1578 1583 1587 1583 1573 1563 1555 1545 1538 1527 1519 1507 1491 1454 1417 1376 1331 1325 1321 1316 1309 1300 1292 1281 1270 1257 1237 1218 1203 1195 1189 1183 1167 1137 1112 1091 1075 1063 1052 1040 1033 1025 1020 1018 1021 1037
1709 1715 1718 1722 1729 1734 1740 1748 1758 1761 1763 1755 1755 1751 1746 1739 1738 1732 1728 1722 1722 1723 1724 1724 1725 1724 1719 1714 1709 1705 1700 1683 1665 1644 1622 1612 1604 1598 1600 1604 1610 1608 1602 1590 1580 1569 1562 1557 1547 1537 1524 1507 1469 1413 1366 1346 1341 1334 1326 1320 1310 1300 1280 1267 1254 1241 1230 1220 1207 1195 1180 1150 1119 1092 1075 1063 1049 1039 1029 1020 1011 1002 1016 1031
1725 1728 1734 1740 1746 1751 1757 1768 1779 1782 1785 1782 1776 1773 1771 1765 1761 1740 1738 1734 1733 1733 1734 1735 1738 1739 1735 1731 1727 1721 1713 1701 1676 1658 1647 1636 1629 1621 1627 1635 1640 1637 1624 1608 1598 1592 1586 1578 1560 1547 1532 1515 1502 1447 1394 1366 1354 1347 1339 1331 1324 1314 1301 1276 1261 1248 1232 1217 1204 1191 1176 1147 1118 1092 1074 1060 1047 1035 1023 1009 1000 998 1000 1021
1738 1743 1748 1752 1757 1764 1772 1784 1800 1801 1803 1801 1800 1800 1803 1789 1800 1763 1748 1745 1741 1744 1744 1744 1747 1748 1748 1747 1748 1740 1726 1707 1685 1674 1666 1658 1651 1641 1639 1640 1640 1640 1637 1626 1613 1597 1589 1579 1565 1550 1535 1519 1505 1462 1406 1388 1373 1358 1348 1338 1330 1320 1300 1280 1257 1240 1223 1202 1191 1179 1162 1139 1118 1097 1072 1056 1042 1029 1014 1000 997 994 998 1005
1749 1753 1758 1764 1772 1780 1788 1795 1801 1805 1810 1815 1813 1813 1813 1808 1813 1791 1758 1757 1756 1755 1754 1753 1756 1760 1760 1762 1763 1751 1738 1716 1699 1692 1684 1676 1667 1657 1640 1635 1630 1625 1622 1614 1602 1577 1566 1556 1544 1531 1516 1500 1473 1438 1404 1386 1373 1358 1348 1337 1324 1309 1291 1268 1249 1228 1207 1189 1177 1163 1147 1130 1111 1087 1064 1043 1030 1017 1003 997 994 990 994 998
1760 1765 1773 1780 1790 1800 1804 1807 1811 1815 1818 1823 1822 1822 1823 1823 1823 1803 1777 1773 1768 1765 1766 1766 1767 1774 1777 1777 1777 1765 1748 1737 1726 1716 1703 1684 1670 1653 1629 1607 1599 1594 1589 1582 1573 1555 1540 1532 1522 1511 1498 1470 1442 1412 1392 1377 1361 1349 1338 1327 1312 1291 1269 1251 1233 1213 1190 1174 1162 1142 1130 1113 1096 1075 1054 1036 1022 1010 1000 995 990 986 991 996
1778 1779 1796 1802 1805 1809 1813 1817 1821 1825 1826 1828 1829 1832 1834 1836 1839 1818 1787 1782 1784 1784 1782 1784 1783 1788 1790 1795 1799 1786 1771 1756 1744 1726 1700 1678 1658 1637 1611 1596 1588 1577 1566 1556 1547 1531 1516 1509 1502 1484 1465 1446 1428 1409 1387 1364 1351 1338 1325 1311 1290 1267 1250 1233 1214 1195 1177 1159 1145 1130 1112 1095 1080 1063 1046 1033 1020 1008 998 990 983 984 991 998
1792 1793 1800 1809 1817 1824 1830 1831 1830 1831 1832 1833 1837 1842 1843 1847 1850 1854 1798 1793 1801 1804 1800 1803 1800 1803 1808 1818 1818 1805 1785 1759 1740 1713 1691 1671 1650 1634 1617 1594 1578 1560 1545 1533 1520 1502 1489 1475 1462 1448 1435 1421 1407 1391 1371 1355 1338 1324 1310 1292 1273 1256 1242 1225 1200 1181 1160 1144 1125 1100 1083 1074 1062 1050 1037 1026 1017 1006 995 985 980 982 990 998
1804 1809 1816 1825 1835 1842 1847 1841 1839 1838 1838 1840 1844 1850 1854 1858 1861 1867 1855 1826 1820 1820 1821 1822 1822 1824 1827 1824 1821 1800 1773 1748 1724 1701 1681 1658 1641 1627 1611 1592 1569 1541 1520 1505 1492 1479 1466 1454 1441 1430 1416 1404 1388 1374 1359 1343 1329 1315 1298 1278 1259 1248 1220 1208 1185 1166 1149 1131 1115 1095 1074 1058 1048 1038 1030 1021 1013 1005 995 984 980 983 990 998
1820 1828 1836 1843 1851 1857 1863 1865 1863 1856 1855 1855 1857 1858 1862 1867 1873 1879 1874 1848 1845 1843 1842 1842 1830 1822 1814 1804 1790 1775 1743 1726 1702 1686 1668 1653 1640 1620 1597 1576 1553 1531 1515 1503 1490 1477 1464 1451 1437 1424 1411 1397 1382 1366 1351 1335 1322 1310 1290 1271 1249 1233 1218 1194 1175 1156 1141 1127 1111 1093 1074 1057 1039 1031 1023 1016 1010 1004 994 983 980 982 989 996
1841 1845 1851 1856 1863 1872 1880 1886 1893 1894 1884 1877 1875 1874 1878 1881 1885 1890 1886 1871 1868 1865 1862 1852 1815 1792 1774 1760 1750 1732 1700 1689 1677 1665 1654 1639 1625 1616 1595 1567 1540 1516 1497 1483 1468 1455 1442 1427 1413 1400 1390 1377 1364 1352 1338 1326 1314 1305 1280 1261 1244 1226 1200 1184 1160 1143 1124 1110 1091 1076 1062 1048 1033 1020 1016 1011 1006 1000 987 980 980 980 990 1000
1856 1860 1865 1871 1878 1886 1896 1909 1922 1926 1921 1904 1897 1894 1897 1898 1902 1907 1904 1895 1887 1881 1860 1834 1806 1775 1743 1724 1710 1691 1678 1670 1661 1645 1628 1612 1600 1596 1577 1555 1524 1501 1486 1469 1452 1437 1420 1406 1393 1382 1371 1361 1349 1338 1328 1317 1307 1293 1271 1253 1238 1220 1192 1176 1153 1132 1110 1091 1075 1060 1047 1033 1020 1012 1006 1000 993 982 980 980 980 982 993 1005
1874 1880 1883 1888 1895 1901 1921 1940 1940 1940 1940 1940 1938 1936 1933 1930 1927 1924 1921 1906 1877 1847 1813 1785 1757 1732 1704 1690 1679 1669 1657 1644 1636 1618 1597 1580 1560 1548 1535 1518 1502 1480 1456 1433 1410 1397 1389 1380 1370 1361 1353 1344 1335 1326 1317 1308 1302 1280 1264 1244 1225 1206 1186 1165 1143 1120 1098 1079 1067 1048 1033 1020 1011 1001 992 982 978 974 974 976 978 983 994 1020
1893 1896 1902 1911 1918 1930 1940 1940 1940 1937 1927 1919 1915 1914 1916 1920 1921 1921 1910 1892 1870 1847 1822 1793 1756 1723 1693 1675 1658 1648 1637 1625 1612 1599 1580 1554 1532 1509 1491 1474 1460 1443 1426 1408 1395 1384 1373 1362 1353 1342 1331 1321 1312 1300 1295 1289 1283 1268 1251 1233 1218 1203 1178 1158 1133 1105 1083 1069 1054 1029 1016 1007 998 989 980 977 972 968 970 973 977 985 1000 1031
1912 1916 1922 1938 1945 1945 1943 1941 1933 1919 1906 1899 1896 1897 1898 1899 1903 1902 1887 1863 1845 1822 1796 1776 1729 1695 1683 1666 1646 1627 1611 1600 1589 1577 1560 1530 1500 1484 1469 1452 1435 1419 1403 1390 1376 1363 1349 1336 1322 1307 1299 1292 1285 1280 1280 1277 1273 1255 1239 1222 1200 1185 1170 1148 1126 1100 1078 1067 1050 1028 1003 991 980 977 973 969 965 961 965 972 977 1001 1020 1041
1943 1948 1952 1957 1960 1959 1949 1938 1920 1903 1895 1888 1880 1877 1873 1870 1870 1866 1857 1843 1822 1802 1777 1754 1726 1705 1690 1672 1650 1628 1603 1575 1556 1540 1525 1503 1486 1470 1451 1433 1416 1399 1384 1370 1357 1344 1330 1316 1302 1292 1282 1272 1262 1257 1259 1259 1256 1245 1230 1205 1184 1170 1156 1139 1120 1100 1077 1063 1041 1020 997 979 969 960 959 959 959 960 960 969 984 1012 1034 1054
1966 1970 1974 1975 1963 1950 1934 1916 1900 1894 1886 1877 1870 1861 1860 1854 1850 1845 1840 1827 1804 1786 1768 1753 1736 1715 1692 1670 1653 1636 1614 1596 1565 1547 1523 1500 1479 1460 1441 1422 1402 1384 1368 1353 1335 1321 1302 1292 1282 1271 1260 1251 1241 1235 1237 1240 1239 1228 1214 1197 1176 1159 1144 1129 1108 1087 1072 1055 1032 1007 985 971 959 952 952 955 957 959 967 977 1000 1020 1044 1065
1994 1998 1991 1981 1960 1945 1926 1907 1896 1888 1878 1868 1859 1852 1846 1842 1836 1829 1822 1813 1802 1788 1774 1758 1738 1715 1690 1668 1633 1612 1596 1579 1559 1540 1525 1510 1492 1470 1448 1427 1403 1384 1360 1339 1318 1298 1286 1274 1262 1252 1240 1228 1216 1214 1216 1216 1213 1209 1201 1180 1160 1147 1134 1116 1096 1076 1063 1038 1017 994 975 960 951 943 948 953 958 964 972 980 1012 1040 1060 1085
2022 2009 1995 1975 1959 1944 1920 1905 1883 1874 1865 1857 1850 1844 1835 1824 1818 1812 1806 1800 1790 1780 1767 1745 1718 1692 1666 1647 1627 1608 1584 1559 1547 1530 1506 1482 1460 1442 1420 1406 1389 1370 1352 1335 1316 1295 1275 1252 1230 1217 1200 1196 1190 1188 1191 1193 1193 1189 1180 1161 1147 1134 1119 1102 1080 1069 1056 1033 1004 980 962 949 940 940 943 951 960 968 975 991 1022 1053 1078 1103
2020 2007 1988 1970 1954 1937 1919 1898 1874 1859 1853 1846 1840 1831 1821 1813 1805 1798 1790 1783 1773 1763 1755 1747 1738 1717 1694 1670 1650 1631 1613 1595 1570 1550 1528 1503 1475 1445 1417 1394 1378 1362 1346 1330 1314 1297 1277 1257 1238 1218 1199 1188 1177 1167 1156 1151 1161 1165 1161 1148 1131 1116 1104 1085 1072 1062 1044 1015 990 970 955 940 940 940 946 953 960 970 979 1008 1035 1063 1088 1112
2014 1996 1977 1961 1947 1933 1918 1898 1874 1854 1839 1833 1826 1819 1809 1799 1785 1776 1770 1765 1759 1750 1741 1737 1729 1722 1706 1686 1663 1644 1624 1603 1582 1562 1541 1524 1506 1482 1457 1430 1402 1385 1368 1351 1332 1315 1296 1281 1260 1245 1229 1210 1193 1180 1166 1152 1138 1129 1133 1126 1110 1097 1083 1071 1059 1048 1030 1000 980 960 946 939 940 942 948 953 959 970 985 1018 1045 1074 1096 1120
2010 1991 1973 1958 1945 1929 1911 1890 1870 1853 1836 1819 1812 1805 1796 1782 1773 1760 1757 1752 1748 1743 1732 1720 1715 1709 1703 1689 1663 1634 1600 1580 1565 1551 1534 1512 1499 1492 1484 1464 1441 1418 1397 1379 1362 1346 1327 1309 1292 1275 1257 1240 1223 1207 1188 1170 1151 1135 1116 1098 1084 1075 1067 1059 1048 1034 1020 998 976 963 940 938 940 945 951 957 965 975 992 1027 1060 1088 1108 1127
2010 1992 1975 1960 1946 1932 1917 1902 1877 1859 1838 1817 1800 1792 1785 1776 1764 1756 1749 1742 1737 1728 1719 1707 1698 1693 1688 1683 1673 1656 1633 1610 1592 1576 1553 1533 1515 1496 1480 1464 1455 1445 1436 1420 1402 1382 1363 1345 1323 1305 1286 1266 1245 1225 1204 1182 1157 1134 1110 1090 1075 1063 1055 1046 1036 1026 1010 989 973 958 936 933 938 944 951 958 967 976 995 1025 1057 1088 1114 1136
2005 1986 1972 1958 1947 1935 1920 1908 1884 1860 1842 1825 1809 1788 1774 1764 1755 1747 1737 1731 1722 1716 1709 1702 1690 1680 1675 1670 1665 1660 1650 1637 1613 1589 1570 1547 1529 1512 1494 1477 1463 1445 1429 1417 1407 1396 1379 1363 1344 1322 1298 1277 1259 1237 1217 1195 1170 1144 1119 1104 1087 1069 1049 1037 1028 1016 1000 980 968 952 926 920 928 940 947 956 964 974 989 1016 1049 1077 1104 1136
1999 1985 1969 1957 1947 1933 1919 1904 1879 1860 1848 1832 1814 1795 1771 1758 1747 1736 1726 1717 1712 1705 1697 1689 1681 1671 1660 1657 1652 1648 1643 1632 1609 1584 1564 1540 1520 1502 1491 1481 1467 1452 1438 1423 1408 1390 1366 1350 1335 1317 1300 1281 1263 1245 1226 1208 1185 1160 1133 1112 1097 1078 1055 1040 1022 1005 986 972 960 940 920 920 919 924 932 941 953 965 980 1003 1032 1061 1092 1129
1997 1980 1967 1955 1944 1930 1915 1898 1878 1859 1844 1827 1809 1790 1771 1757 1746 1735 1723 1714 1704 1696 1685 1677 1668 1660 1650 1643 1636 1628 1620 1607 1586 1566 1550 1530 1510 1495 1483 1473 1461 1450 1437 1423 1411 1394 1372 1349 1326 1304 1286 1267 1249 1230 1210 1190 1166 1143 1119 1102 1087 1073 1057 1039 1020 996 978 965 952 937 922 910 900 911 924 935 946 958 975 991 1013 1041 1074 1115
1992 1980 1966 1953 1940 1925 1906 1888 1868 1852 1835 1814 1796 1782 1768 1756 1744 1734 1723 1712 1698 1688 1678 1670 1661 1653 1644 1633 1620 1611 1601 1582 1562 1550 1536 1522 1505 1493 1479 1468 1455 1442 1430 1417 1405 1393 1374 1354 1335 1316 1294 1271 1248 1225 1203 1177 1151 1126 1100 1085 1074 1062 1048 1034 1016 997 980 968 954 938 923 908 900 900 912 929 946 958 972 987 1006 1036 1066 1100
1986 1979 1967 1955 1943 1926 1906 1884 1869 1855 1843 1825 1808 1792 1774 1760 1749 1739 1729 1717 1706 1694 1681 1670 1658 1647 1637 1623 1609 1592 1575 1559 1545 1533 1522 1511 1499 1479 1461 1445 1427 1409 1395 1386 1376 1368 1358 1345 1327 1309 1290 1270 1249 1229 1209 1181 1153 1121 1095 1078 1064 1053 1040 1028 1014 996 978 963 950 935 924 910 899 896 899 917 937 955 970 984 1005 1033 1060 1093
