app/alps_10.asc
ncols        244
nrows        97
xllcorner    9.271805555556
yllcorner    46.789305555556
cellsize     0.000277777778
NODATA_value -9999
[rows 0 to 41 of 97, columns 0 to 93 of 244]
1154 1164 1173 1183 1191 1200 1202 1204 1206 1208 1210 1210 1208 1205 1201 1195 1188 1181 1174 1166 1160 1157 1155 1152 1149 1147 1143 1140 1141 1146 1153 1159 1166 1173 1179 1185 1192 1198 1202 1204 1202 1201 1205 1209 1215 1220 1222 1224 1226 1228 1230 1231 1232 1232 1232 1231 1231 1230 1230 1228 1225 1222 1220 1221 1220 1219 1218 1216 1215 1214 1214 1212 1210 1207 1205 1201 1198 1193 1188 1183 1178 1171 1164 1156 1149 1143 1135 1127 1120 1113 1104 1097 1086 1078
1148 1160 1170 1180 1190 1200 1203 1206 1208 1210 1213 1215 1214 1214 1212 1206 1200 1196 1190 1185 1180 1174 1166 1160 1158 1156 1154 1152 1152 1153 1154 1156 1158 1160 1165 1171 1177 1182 1188 1190 1190 1193 1198 1204 1210 1214 1220 1223 1225 1228 1231 1235 1236 1236 1235 1235 1233 1233 1232 1232 1231 1230 1230 1229 1228 1228 1226 1226 1225 1224 1223 1222 1220 1217 1214 1210 1206 1202 1199 1195 1190 1186 1182 1177 1168 1160 1153 1146 1138 1129 1121 1114 1107 1100
1138 1151 1163 1175 1188 1200 1203 1207 1210 1214 1217 1219 1219 1220 1220 1220 1216 1212 1207 1203 1198 1193 1187 1181 1178 1176 1174 1171 1168 1165 1163 1159 1159 1159 1159 1162 1166 1169 1171 1174 1177 1180 1189 1198 1205 1208 1212 1216 1220 1223 1226 1227 1228 1229 1228 1227 1225 1223 1223 1222 1220 1219 1219 1217 1215 1212 1214 1214 1214 1215 1217 1216 1214 1213 1212 1211 1209 1207 1205 1203 1202 1198 1193 1187 1180 1174 1167 1161 1153 1146 1139 1131 1120 1114
1127 1140 1155 1167 1179 1194 1208 1220 1222 1225 1224 1222 1220 1221 1224 1227 1226 1222 1219 1218 1220 1217 1210 1205 1200 1197 1192 1188 1185 1182 1179 1176 1174 1172 1169 1169 1168 1167 1167 1167 1168 1173 1179 1188 1198 1203 1207 1211 1215 1219 1223 1224 1225 1222 1217 1213 1210 1204 1200 1198 1198 1195 1192 1189 1188 1185 1185 1186 1188 1189 1190 1191 1192 1192 1194 1194 1195 1198 1200 1201 1201 1201 1200 1195 1190 1185 1179 1173 1166 1159 1152 1146 1140 1132
1120 1131 1143 1157 1172 1186 1202 1218 1226 1231 1230 1228 1226 1226 1228 1230 1230 1230 1227 1226 1225 1229 1230 1228 1222 1219 1216 1213 1209 1205 1202 1200 1195 1188 1184 1179 1174 1169 1165 1162 1160 1167 1174 1181 1188 1195 1201 1206 1210 1215 1220 1221 1215 1208 1200 1195 1189 1183 1180 1176 1172 1169 1165 1162 1160 1160 1160 1160 1162 1162 1162 1163 1164 1165 1166 1170 1172 1173 1174 1178 1179 1180 1182 1182 1180 1177 1179 1181 1178 1170 1163 1157 1151 1145
1110 1123 1134 1147 1161 1176 1190 1206 1222 1235 1240 1238 1234 1229 1229 1229 1230 1230 1230 1230 1231 1234 1237 1240 1241 1242 1242 1237 1232 1228 1223 1216 1211 1204 1198 1190 1182 1175 1169 1165 1162 1161 1169 1175 1181 1186 1193 1199 1203 1207 1209 1205 1201 1195 1187 1180 1172 1166 1160 1156 1151 1149 1145 1140 1140 1140 1139 1138 1138 1139 1139 1140 1141 1142 1142 1143 1144 1147 1148 1149 1150 1153 1154 1155 1155 1155 1157 1163 1164 1164 1163 1161 1159 1152
1110 1118 1128 1138 1152 1165 1180 1196 1213 1229 1245 1250 1242 1234 1229 1229 1230 1230 1232 1233 1236 1239 1243 1249 1250 1252 1254 1258 1260 1253 1242 1232 1222 1214 1206 1199 1193 1186 1180 1177 1173 1170 1169 1170 1172 1178 1183 1188 1193 1198 1199 1196 1189 1180 1173 1167 1160 1154 1147 1141 1137 1131 1125 1122 1120 1120 1119 1120 1119 1119 1118 1119 1118 1118 1118 1120 1120 1122 1123 1125 1127 1130 1129 1128 1127 1127 1130 1134 1137 1141 1145 1148 1149 1149
1112 1120 1127 1135 1146 1160 1171 1183 1201 1220 1238 1250 1247 1240 1233 1229 1230 1230 1231 1235 1240 1244 1249 1252 1254 1256 1259 1262 1268 1268 1255 1241 1233 1225 1218 1210 1203 1198 1194 1190 1186 1181 1177 1173 1170 1170 1173 1178 1182 1186 1189 1184 1178 1170 1162 1155 1148 1141 1135 1128 1121 1117 1112 1107 1101 1100 1100 1099 1098 1098 1097 1096 1096 1095 1094 1095 1097 1100 1102 1105 1107 1109 1107 1107 1104 1102 1104 1109 1112 1115 1118 1122 1125 1127
1113 1119 1126 1134 1142 1154 1165 1176 1193 1214 1232 1248 1251 1247 1238 1229 1230 1230 1230 1233 1239 1246 1251 1253 1256 1258 1262 1267 1271 1272 1261 1250 1238 1233 1229 1224 1217 1210 1204 1199 1195 1192 1188 1184 1180 1175 1170 1170 1172 1175 1178 1173 1168 1160 1153 1144 1136 1129 1122 1117 1112 1106 1100 1097 1094 1091 1087 1083 1081 1079 1077 1075 1078 1077 1076 1075 1076 1078 1081 1084 1088 1090 1086 1082 1080 1079 1077 1080 1086 1091 1095 1099 1103 1105
1113 1118 1123 1131 1138 1148 1161 1171 1183 1200 1222 1235 1246 1250 1244 1232 1230 1229 1229 1230 1237 1243 1249 1251 1252 1252 1254 1256 1256 1250 1245 1236 1227 1219 1212 1206 1202 1204 1208 1210 1207 1203 1200 1196 1190 1185 1181 1176 1171 1168 1166 1164 1161 1152 1143 1135 1127 1118 1112 1106 1099 1095 1091 1087 1082 1079 1075 1072 1069 1066 1064 1061 1063 1062 1060 1061 1061 1063 1068 1072 1075 1070 1066 1060 1059 1057 1055 1055 1059 1062 1066 1071 1078 1081
1114 1118 1122 1129 1136 1143 1154 1164 1175 1188 1203 1216 1230 1242 1243 1234 1228 1224 1222 1227 1232 1239 1245 1248 1249 1249 1250 1248 1242 1238 1233 1229 1225 1221 1211 1201 1200 1199 1197 1197 1200 1201 1201 1201 1200 1197 1192 1186 1181 1176 1170 1165 1160 1149 1138 1127 1117 1109 1100 1096 1093 1089 1085 1080 1077 1074 1071 1067 1065 1061 1058 1055 1054 1055 1054 1053 1050 1049 1055 1061 1061 1054 1048 1040 1039 1038 1037 1036 1037 1037 1043 1047 1050 1054
1116 1119 1124 1129 1134 1140 1148 1157 1167 1177 1188 1200 1214 1228 1241 1233 1220 1220 1220 1221 1229 1236 1243 1246 1249 1250 1250 1247 1245 1242 1239 1232 1226 1220 1209 1200 1192 1184 1180 1180 1180 1183 1187 1190 1194 1191 1190 1187 1184 1180 1175 1168 1161 1148 1134 1123 1111 1100 1096 1091 1086 1080 1078 1075 1073 1070 1068 1065 1063 1060 1055 1050 1049 1047 1045 1042 1039 1038 1039 1043 1048 1044 1040 1035 1031 1026 1022 1020 1019 1018 1020 1023 1025 1028
1119 1122 1126 1131 1135 1140 1145 1151 1158 1166 1176 1188 1203 1220 1234 1232 1223 1220 1220 1220 1224 1233 1240 1243 1245 1248 1248 1246 1243 1241 1236 1230 1222 1214 1206 1197 1187 1180 1176 1174 1172 1172 1172 1174 1177 1179 1181 1181 1181 1180 1174 1166 1158 1144 1132 1119 1107 1098 1092 1086 1080 1078 1075 1072 1069 1066 1063 1060 1059 1056 1053 1050 1047 1044 1041 1037 1033 1029 1026 1027 1031 1033 1030 1022 1018 1017 1015 1013 1010 1007 1005 1003 1005 1007
1120 1124 1128 1131 1135 1140 1146 1152 1158 1167 1176 1180 1199 1217 1230 1237 1227 1220 1220 1220 1224 1230 1240 1242 1244 1245 1244 1242 1241 1237 1232 1226 1220 1209 1200 1193 1185 1176 1171 1167 1163 1162 1159 1160 1160 1159 1159 1160 1167 1166 1163 1162 1153 1142 1130 1117 1106 1096 1088 1080 1077 1074 1070 1067 1063 1060 1057 1057 1056 1054 1052 1050 1047 1043 1039 1033 1026 1020 1018 1017 1019 1020 1020 1016 1011 1010 1009 1005 1001 996 990 988 988 990
1121 1125 1129 1132 1136 1140 1147 1152 1158 1166 1175 1180 1197 1214 1230 1240 1233 1227 1221 1224 1226 1230 1236 1241 1241 1241 1240 1237 1235 1228 1223 1220 1209 1198 1193 1186 1180 1171 1165 1159 1159 1157 1156 1153 1153 1152 1149 1145 1147 1152 1152 1149 1144 1138 1128 1118 1106 1097 1088 1080 1074 1070 1064 1061 1059 1054 1052 1053 1054 1052 1048 1046 1042 1038 1033 1028 1023 1016 1013 1012 1011 1010 1011 1008 1004 1006 1003 1000 1000 990 989 984 981 980
1125 1128 1131 1135 1139 1144 1148 1153 1158 1167 1174 1180 1195 1210 1225 1239 1240 1235 1229 1228 1228 1229 1232 1232 1232 1233 1229 1227 1226 1220 1212 1205 1197 1190 1185 1179 1171 1165 1159 1154 1155 1151 1148 1147 1147 1143 1139 1136 1135 1135 1134 1134 1132 1130 1125 1120 1107 1096 1087 1080 1072 1064 1059 1056 1052 1045 1046 1045 1050 1050 1042 1039 1036 1031 1027 1024 1020 1012 1009 1005 1003 1000 1000 1000 996 997 996 1000 1000 990 989 980 980 980
1124 1128 1132 1136 1141 1146 1151 1157 1162 1168 1174 1181 1192 1205 1218 1232 1243 1241 1237 1233 1229 1227 1225 1223 1221 1218 1214 1211 1208 1204 1200 1193 1186 1179 1174 1168 1163 1159 1155 1149 1149 1146 1143 1141 1140 1136 1132 1127 1122 1119 1118 1117 1118 1120 1121 1116 1108 1099 1085 1075 1067 1060 1055 1050 1045 1040 1036 1035 1038 1036 1033 1030 1026 1023 1020 1017 1013 1008 1003 1000 998 996 994 993 990 990 990 993 998 994 989 982 980 980
1120 1124 1129 1134 1140 1144 1149 1154 1159 1165 1172 1178 1188 1200 1215 1226 1233 1239 1240 1236 1230 1226 1221 1215 1208 1201 1198 1194 1190 1186 1182 1178 1172 1167 1163 1159 1156 1152 1149 1145 1143 1140 1137 1134 1131 1128 1125 1122 1117 1111 1104 1100 1101 1106 1107 1107 1103 1095 1085 1074 1064 1057 1051 1046 1040 1035 1030 1025 1022 1021 1022 1021 1018 1015 1012 1008 1005 1001 999 997 995 993 991 989 988 987 986 987 990 995 994 989 985 982
1119 1123 1127 1132 1137 1141 1148 1155 1163 1168 1175 1181 1190 1200 1210 1220 1225 1229 1230 1229 1225 1219 1212 1206 1200 1194 1187 1180 1177 1174 1170 1165 1160 1157 1153 1150 1146 1143 1140 1140 1138 1136 1133 1130 1127 1124 1120 1117 1112 1108 1103 1100 1098 1097 1098 1097 1092 1088 1083 1072 1060 1054 1049 1043 1037 1030 1026 1021 1016 1011 1004 1002 1002 1003 1004 1001 999 997 994 992 990 989 988 987 986 984 981 981 987 991 994 995 991 987
1120 1123 1127 1131 1137 1140 1148 1155 1162 1167 1172 1180 1189 1197 1203 1209 1214 1215 1216 1216 1213 1210 1206 1200 1194 1187 1180 1178 1175 1171 1165 1160 1156 1152 1148 1143 1140 1139 1137 1135 1133 1131 1129 1126 1124 1121 1116 1112 1109 1104 1100 1095 1091 1087 1086 1086 1084 1082 1080 1069 1059 1053 1047 1040 1034 1027 1023 1021 1012 1002 997 990 984 985 989 987 985 985 985 983 983 984 984 983 983 980 980 980 980 986 991 993 993 992
1119 1123 1127 1130 1135 1138 1143 1149 1155 1160 1166 1175 1187 1190 1195 1197 1198 1200 1200 1200 1199 1199 1197 1193 1189 1184 1179 1176 1174 1170 1165 1161 1158 1152 1147 1140 1138 1135 1133 1129 1128 1125 1125 1121 1118 1113 1109 1105 1098 1098 1093 1089 1080 1079 1078 1078 1079 1080 1075 1067 1057 1050 1041 1035 1028 1021 1019 1017 1007 999 989 983 978 974 972 975 975 977 976 974 974 977 978 979 979 978 979 980 980 983 986 989 990 990
1112 1116 1120 1125 1131 1136 1141 1146 1150 1154 1159 1167 1181 1182 1184 1188 1190 1189 1190 1192 1193 1193 1191 1187 1183 1179 1175 1173 1172 1171 1168 1164 1160 1153 1146 1140 1135 1131 1127 1123 1122 1123 1121 1116 1111 1105 1100 1097 1093 1089 1086 1082 1078 1073 1069 1066 1066 1070 1068 1063 1054 1045 1036 1027 1020 1012 1011 1007 1000 990 981 976 971 965 959 962 964 966 966 964 960 970 973 975 976 976 977 980 980 982 982 984 985 985
1111 1115 1120 1127 1134 1140 1144 1147 1151 1154 1158 1163 1170 1175 1179 1181 1180 1180 1181 1184 1186 1188 1186 1183 1181 1175 1168 1160 1161 1165 1160 1156 1151 1146 1140 1135 1130 1124 1120 1118 1115 1115 1113 1110 1106 1102 1098 1094 1091 1087 1084 1080 1074 1068 1063 1060 1057 1060 1059 1053 1046 1037 1027 1019 1012 1003 1001 995 987 980 974 968 962 957 951 949 950 955 955 952 957 965 970 971 973 975 976 977 979 981 980 979 978 976
1115 1121 1129 1136 1143 1148 1155 1160 1165 1170 1172 1172 1180 1180 1179 1177 1177 1176 1176 1180 1181 1183 1183 1182 1181 1176 1160 1157 1153 1156 1153 1148 1144 1140 1134 1129 1122 1118 1115 1111 1106 1107 1106 1104 1103 1102 1098 1093 1088 1082 1077 1072 1067 1062 1058 1050 1042 1042 1045 1043 1037 1027 1017 1009 1000 995 989 983 977 970 962 958 953 948 943 937 937 940 941 940 948 960 962 965 967 970 970 972 973 974 973 971 969 965
1123 1126 1130 1133 1140 1148 1154 1160 1164 1171 1174 1178 1179 1177 1175 1173 1172 1171 1170 1173 1175 1177 1175 1173 1169 1166 1159 1151 1143 1142 1142 1139 1136 1133 1129 1124 1119 1112 1107 1100 1100 1099 1099 1101 1101 1101 1097 1089 1082 1077 1072 1067 1061 1054 1048 1040 1030 1023 1028 1030 1026 1020 1007 997 987 979 974 969 964 959 954 949 944 938 932 927 922 920 922 927 935 940 945 950 955 960 962 963 964 965 965 960 958 953
1120 1123 1128 1134 1140 1148 1157 1160 1164 1167 1168 1170 1174 1173 1171 1167 1165 1164 1165 1168 1168 1167 1167 1164 1160 1160 1159 1150 1142 1140 1138 1134 1131 1126 1124 1122 1118 1110 1100 1099 1095 1092 1092 1092 1093 1092 1088 1083 1075 1069 1066 1062 1060 1048 1041 1028 1018 1007 1008 1012 1011 1006 998 986 978 971 960 957 954 947 942 937 931 924 918 914 910 911 914 921 924 928 932 938 943 946 949 952 956 954 948 946 947 944
1123 1128 1134 1140 1146 1152 1160 1160 1160 1160 1163 1166 1167 1165 1164 1160 1161 1160 1160 1163 1162 1158 1160 1161 1158 1152 1147 1144 1140 1137 1130 1123 1120 1117 1120 1121 1119 1111 1103 1097 1090 1084 1080 1079 1077 1073 1069 1066 1064 1059 1052 1044 1039 1034 1027 1018 1007 997 989 987 991 991 983 975 966 958 951 942 942 937 933 928 923 915 909 900 899 901 904 908 912 915 919 925 930 936 942 944 943 914 880 904 922 930
1125 1131 1136 1140 1143 1144 1147 1150 1153 1157 1160 1158 1158 1158 1160 1160 1159 1158 1158 1159 1153 1149 1147 1146 1143 1140 1136 1131 1127 1122 1118 1113 1107 1102 1102 1112 1114 1110 1106 1101 1088 1079 1075 1071 1067 1063 1059 1054 1049 1043 1037 1031 1024 1016 1009 1000 994 985 973 961 965 973 971 965 959 951 942 936 931 926 921 913 905 899 897 895 895 895 896 898 899 903 908 914 920 925 931 936 909 856 816 811 823 878
1119 1124 1129 1134 1135 1137 1137 1140 1144 1148 1149 1149 1147 1148 1147 1148 1147 1146 1146 1144 1139 1137 1135 1132 1130 1128 1125 1123 1120 1117 1112 1107 1102 1098 1095 1098 1099 1102 1102 1101 1096 1082 1070 1060 1057 1055 1049 1042 1034 1027 1020 1013 1005 999 993 986 980 973 965 953 944 952 960 958 950 940 931 922 916 913 908 903 896 891 888 889 889 889 892 894 896 898 902 910 916 922 927 920 854 809 798 789 797 828
1116 1120 1123 1126 1128 1130 1134 1138 1140 1141 1141 1139 1136 1135 1135 1136 1136 1137 1139 1135 1131 1127 1123 1120 1118 1116 1114 1111 1108 1106 1103 1100 1095 1091 1089 1090 1090 1093 1097 1100 1094 1086 1078 1067 1055 1045 1042 1036 1026 1015 1006 999 992 986 979 975 970 965 959 948 939 934 935 941 937 926 916 908 900 900 897 891 885 880 880 881 882 885 888 892 895 898 903 911 919 922 925 878 797 789 780 774 774 796
1112 1114 1117 1119 1122 1124 1125 1127 1128 1128 1127 1126 1124 1122 1124 1127 1128 1129 1127 1122 1119 1116 1114 1113 1112 1109 1107 1104 1102 1102 1097 1092 1086 1082 1084 1082 1080 1081 1084 1088 1086 1084 1081 1070 1055 1039 1032 1026 1018 1008 998 989 980 975 969 964 959 955 950 945 940 923 919 917 912 906 900 895 890 885 880 880 879 878 877 877 877 877 880 886 892 898 905 914 920 920 920 821 779 770 762 758 753 768
1106 1108 1113 1117 1120 1120 1120 1119 1120 1118 1116 1114 1113 1114 1119 1120 1121 1121 1120 1117 1114 1110 1107 1104 1103 1102 1101 1099 1095 1091 1087 1082 1078 1075 1076 1072 1067 1064 1067 1074 1080 1075 1069 1062 1046 1029 1020 1018 1008 999 989 980 975 971 966 960 956 951 947 942 934 924 915 907 900 895 890 886 881 880 878 877 876 875 874 873 872 872 876 881 890 899 903 907 905 900 897 814 776 757 749 740 736 732
1100 1102 1105 1107 1109 1110 1110 1109 1111 1111 1107 1104 1102 1104 1106 1108 1110 1112 1108 1100 1099 1097 1097 1096 1097 1095 1092 1088 1085 1082 1078 1074 1071 1067 1065 1060 1054 1048 1050 1056 1060 1060 1056 1049 1042 1026 1014 1004 997 989 984 977 971 965 959 956 952 949 945 942 934 926 916 904 897 893 888 884 880 878 877 875 873 872 870 868 866 867 873 878 883 888 889 889 884 879 877 874 814 770 751 738 727 718
1096 1097 1100 1100 1100 1101 1101 1101 1103 1103 1099 1097 1096 1096 1096 1097 1098 1099 1100 1096 1092 1088 1089 1090 1088 1086 1083 1080 1076 1072 1069 1065 1062 1058 1054 1049 1045 1040 1040 1039 1042 1040 1037 1033 1028 1022 1008 995 986 979 974 969 965 960 957 953 949 945 942 938 931 925 918 906 897 892 887 882 879 877 874 872 870 868 865 863 860 860 864 869 874 872 872 870 866 862 859 857 832 780 760 746 732 718
1087 1088 1093 1093 1093 1091 1091 1091 1095 1094 1092 1089 1089 1090 1089 1088 1088 1087 1086 1084 1081 1080 1082 1082 1080 1075 1071 1067 1062 1059 1056 1053 1049 1046 1043 1038 1031 1024 1019 1017 1014 1011 1008 1005 1003 999 991 980 977 973 968 964 960 956 952 948 944 940 940 940 935 928 919 907 898 892 886 880 878 875 872 870 867 865 861 859 859 858 859 859 862 860 857 854 854 853 845 832 814 794 775 754 736 723
1076 1080 1081 1080 1080 1080 1080 1079 1080 1081 1081 1081 1082 1082 1080 1079 1078 1076 1075 1075 1074 1073 1072 1070 1067 1064 1061 1058 1053 1047 1041 1039 1035 1032 1029 1027 1024 1020 1013 1005 999 995 990 986 983 980 977 973 970 967 965 961 958 954 951 948 945 941 935 929 922 922 918 908 898 892 885 880 877 874 871 868 865 862 860 858 856 856 856 855 855 851 849 845 843 845 842 833 808 788 771 752 734 723
1065 1067 1069 1070 1067 1065 1062 1064 1067 1070 1071 1072 1073 1073 1072 1070 1068 1067 1065 1066 1065 1063 1060 1059 1059 1057 1054 1051 1047 1041 1037 1033 1029 1025 1021 1018 1015 1012 1008 1004 998 993 988 983 979 976 973 970 967 964 960 958 955 952 950 947 944 941 935 928 921 918 913 908 900 892 885 879 876 872 868 865 862 859 857 855 853 852 850 847 846 840 840 840 839 838 832 825 814 799 780 765 748 732
1055 1057 1059 1062 1060 1056 1053 1056 1059 1061 1063 1064 1065 1064 1061 1060 1059 1058 1057 1058 1060 1055 1050 1051 1052 1051 1047 1044 1042 1041 1040 1033 1026 1020 1015 1010 1008 1006 1003 1000 994 991 986 982 978 973 969 965 960 957 954 951 948 946 943 940 939 937 932 927 921 914 907 903 899 894 889 884 879 875 870 866 862 859 856 854 851 848 845 842 840 840 839 838 836 835 830 823 806 791 776 760 745 730
1048 1049 1050 1051 1050 1049 1046 1048 1050 1054 1056 1056 1056 1055 1053 1052 1050 1049 1048 1048 1048 1045 1041 1043 1046 1044 1040 1035 1031 1033 1031 1028 1024 1020 1018 1020 1012 1000 997 994 990 988 985 983 980 976 971 967 962 957 951 945 940 939 938 936 934 931 927 923 918 911 906 900 895 890 885 880 877 874 870 867 863 859 856 852 849 846 843 840 839 839 837 836 834 831 829 820 803 786 767 753 740 726
1041 1041 1042 1041 1040 1040 1038 1041 1043 1044 1046 1043 1042 1042 1043 1042 1041 1038 1042 1042 1039 1038 1034 1037 1040 1036 1027 1019 1018 1020 1016 1014 1021 1016 1011 1013 1009 1001 998 995 991 987 982 979 976 973 970 967 964 960 954 947 941 938 935 932 929 926 923 920 916 912 908 903 899 895 892 888 884 880 874 869 863 858 854 850 846 843 840 839 839 838 836 834 831 829 826 822 808 790 774 757 739 726
1031 1029 1030 1030 1030 1030 1030 1034 1035 1035 1036 1033 1030 1031 1033 1031 1029 1028 1034 1041 1040 1036 1028 1027 1024 1019 1014 1008 1005 1005 1003 1004 1010 1008 1005 1001 998 992 989 987 985 984 982 979 976 973 970 967 964 960 954 947 940 936 932 928 923 920 917 914 911 907 904 901 898 894 890 886 882 876 870 863 858 854 850 846 842 840 840 839 838 837 835 832 829 825 822 814 804 790 773 758 745 737
1020 1019 1018 1018 1020 1019 1020 1023 1025 1025 1025 1021 1019 1021 1020 1019 1017 1016 1021 1022 1024 1022 1021 1016 1011 1005 1001 998 995 992 994 1001 1005 1003 1001 999 996 993 990 987 984 982 979 976 973 969 967 964 960 956 951 946 941 934 927 920 917 915 913 911 908 906 904 901 897 893 890 886 882 874 864 858 854 850 846 842 840 840 840 838 837 836 833 830 827 824 820 806 791 776 766 760 762 745
