app/alps_medium.asc
ncols        110
nrows        69
xllcorner    9.339583333433
yllcorner    46.908472222309
cellsize     0.000277777778
NODATA_value -9999
[rows 0 to 37 of 69, columns 0 to 83 of 110]
1692 1690 1687 1683 1680 1680 1679 1678 1679 1684 1688 1690 1691 1693 1695 1696 1693 1690 1685 1680 1677 1680 1684 1687 1691 1695 1698 1700 1701 1699 1699 1698 1688 1680 1677 1681 1684 1686 1688 1689 1691 1693 1696 1698 1699 1704 1709 1714 1720 1717 1715 1712 1714 1715 1712 1711 1714 1717 1721 1727 1734 1734 1735 1737 1738 1732 1719 1706 1684 1660 1680 1700 1724 1744 1760 1776 1791 1809 1827 1842 1852 1859 1865 1873
1673 1670 1670 1670 1667 1664 1660 1663 1665 1668 1670 1676 1678 1680 1678 1677 1680 1678 1674 1672 1671 1674 1680 1682 1684 1686 1688 1686 1685 1681 1682 1684 1681 1669 1660 1662 1664 1661 1659 1663 1671 1674 1673 1674 1676 1678 1677 1680 1680 1684 1688 1690 1693 1696 1693 1690 1692 1697 1696 1698 1700 1708 1715 1717 1718 1709 1696 1671 1650 1662 1682 1701 1716 1735 1754 1776 1793 1808 1821 1832 1844 1852 1860 1865
1655 1656 1657 1658 1656 1655 1653 1654 1654 1654 1658 1660 1662 1662 1660 1660 1662 1665 1664 1661 1663 1668 1673 1674 1675 1676 1677 1674 1670 1667 1666 1668 1661 1655 1649 1649 1646 1641 1643 1645 1649 1652 1653 1654 1655 1655 1654 1657 1658 1661 1663 1667 1670 1673 1673 1672 1671 1670 1670 1671 1675 1685 1696 1701 1704 1694 1671 1648 1638 1658 1679 1699 1722 1740 1759 1772 1782 1791 1807 1822 1831 1839 1853 1862
1641 1641 1642 1643 1645 1647 1645 1644 1641 1640 1642 1643 1645 1643 1645 1645 1648 1653 1651 1647 1660 1662 1665 1665 1665 1665 1665 1661 1659 1656 1652 1648 1648 1645 1638 1634 1630 1627 1626 1628 1630 1632 1634 1636 1636 1637 1636 1636 1641 1643 1646 1648 1651 1655 1655 1653 1651 1651 1649 1647 1648 1656 1675 1680 1685 1685 1662 1632 1633 1658 1685 1705 1720 1729 1740 1754 1767 1780 1792 1804 1815 1829 1845 1853
1629 1629 1630 1630 1632 1634 1632 1629 1626 1625 1626 1626 1626 1626 1629 1630 1634 1637 1638 1640 1652 1654 1655 1654 1655 1655 1653 1648 1643 1640 1638 1635 1636 1634 1630 1627 1622 1614 1613 1614 1614 1617 1620 1622 1621 1622 1622 1620 1622 1624 1626 1630 1632 1634 1636 1636 1634 1633 1631 1629 1628 1627 1640 1660 1666 1667 1650 1614 1623 1644 1667 1686 1705 1715 1726 1736 1750 1764 1777 1790 1805 1821 1831 1837
1617 1617 1617 1617 1619 1616 1612 1608 1605 1603 1602 1600 1599 1604 1611 1617 1621 1625 1620 1627 1641 1646 1643 1642 1642 1644 1644 1639 1634 1631 1627 1622 1619 1618 1615 1611 1607 1605 1602 1600 1599 1600 1603 1605 1607 1609 1609 1610 1611 1613 1615 1616 1616 1617 1619 1622 1619 1615 1613 1609 1607 1606 1611 1626 1642 1643 1617 1591 1608 1630 1652 1671 1690 1702 1715 1727 1737 1748 1762 1774 1788 1804 1816 1822
1600 1600 1600 1600 1598 1595 1592 1589 1588 1585 1582 1580 1580 1586 1593 1601 1607 1612 1609 1622 1629 1636 1633 1633 1633 1633 1634 1628 1622 1618 1614 1612 1609 1605 1601 1598 1593 1592 1592 1591 1589 1589 1591 1593 1596 1599 1599 1598 1599 1600 1601 1601 1601 1601 1601 1603 1602 1598 1592 1585 1588 1590 1592 1595 1611 1610 1593 1587 1612 1632 1648 1658 1668 1680 1690 1700 1723 1740 1759 1774 1784 1790 1800 1811
1580 1584 1584 1583 1582 1580 1579 1575 1572 1570 1566 1562 1566 1572 1577 1583 1588 1591 1596 1609 1620 1624 1622 1622 1622 1623 1622 1616 1610 1604 1597 1590 1583 1580 1584 1580 1576 1581 1581 1580 1580 1579 1581 1583 1584 1586 1587 1587 1587 1586 1587 1590 1591 1591 1589 1587 1584 1581 1578 1574 1570 1568 1572 1577 1584 1572 1560 1570 1604 1618 1633 1648 1662 1677 1692 1707 1724 1737 1751 1763 1770 1777 1787 1802
1568 1567 1568 1571 1566 1560 1559 1558 1554 1550 1547 1546 1547 1554 1561 1567 1572 1569 1585 1601 1609 1612 1610 1608 1609 1612 1608 1604 1600 1593 1584 1577 1570 1567 1571 1569 1567 1567 1570 1572 1575 1575 1576 1577 1578 1577 1577 1577 1577 1577 1578 1580 1580 1578 1578 1575 1571 1568 1567 1563 1559 1555 1556 1557 1557 1546 1537 1558 1581 1600 1623 1647 1670 1686 1696 1704 1717 1735 1746 1755 1763 1770 1777 1792
1554 1557 1559 1558 1554 1550 1545 1540 1537 1536 1535 1533 1532 1539 1541 1546 1548 1564 1580 1591 1600 1601 1599 1596 1598 1599 1596 1591 1586 1581 1573 1564 1557 1553 1551 1553 1558 1561 1564 1566 1569 1571 1571 1572 1572 1573 1576 1578 1578 1575 1573 1573 1572 1569 1562 1559 1558 1557 1553 1551 1547 1543 1538 1536 1532 1517 1550 1587 1608 1618 1629 1642 1653 1663 1674 1691 1707 1720 1732 1745 1753 1762 1770 1779
1542 1541 1538 1534 1530 1528 1524 1520 1520 1522 1524 1522 1523 1526 1528 1530 1546 1560 1570 1580 1587 1586 1583 1580 1584 1586 1584 1581 1575 1568 1560 1554 1547 1542 1538 1535 1540 1547 1551 1552 1555 1558 1562 1563 1564 1567 1566 1564 1563 1560 1558 1555 1552 1551 1548 1544 1542 1544 1542 1538 1526 1521 1516 1510 1505 1531 1564 1580 1591 1602 1611 1623 1633 1644 1655 1665 1681 1696 1714 1730 1744 1754 1763 1770
1523 1519 1517 1514 1510 1507 1505 1502 1499 1502 1508 1510 1511 1512 1510 1518 1532 1545 1560 1567 1573 1570 1567 1566 1569 1572 1570 1566 1562 1554 1545 1539 1533 1527 1522 1518 1520 1526 1531 1537 1541 1543 1545 1549 1551 1553 1554 1553 1551 1549 1547 1546 1544 1542 1538 1532 1526 1520 1515 1510 1503 1498 1495 1491 1499 1523 1547 1563 1580 1587 1595 1604 1617 1630 1643 1655 1667 1683 1702 1720 1735 1748 1758 1765
1508 1500 1497 1493 1491 1486 1482 1480 1484 1487 1491 1494 1499 1498 1496 1505 1517 1526 1538 1548 1556 1555 1554 1553 1556 1558 1556 1552 1547 1542 1533 1523 1518 1515 1511 1506 1503 1509 1515 1521 1523 1526 1529 1531 1534 1537 1540 1540 1539 1535 1531 1529 1525 1524 1520 1520 1508 1498 1492 1488 1483 1478 1475 1487 1502 1527 1536 1547 1559 1567 1577 1587 1599 1614 1631 1644 1658 1676 1692 1708 1726 1739 1752 1762
1493 1485 1479 1475 1471 1468 1463 1464 1468 1471 1474 1478 1481 1480 1482 1494 1506 1517 1528 1538 1542 1543 1542 1540 1542 1545 1543 1540 1534 1528 1521 1515 1508 1500 1498 1496 1490 1496 1502 1506 1509 1516 1520 1520 1521 1524 1526 1525 1523 1520 1516 1512 1510 1506 1502 1496 1487 1478 1471 1462 1458 1464 1477 1491 1505 1516 1525 1534 1547 1561 1571 1583 1594 1607 1620 1634 1648 1663 1682 1695 1709 1723 1732 1740
1480 1470 1460 1454 1455 1454 1442 1442 1444 1447 1449 1453 1461 1460 1470 1485 1496 1507 1516 1522 1526 1529 1528 1527 1528 1530 1527 1524 1521 1516 1511 1505 1499 1494 1490 1485 1480 1479 1484 1489 1494 1499 1502 1505 1508 1510 1513 1514 1509 1504 1500 1495 1490 1485 1481 1475 1469 1461 1451 1439 1444 1449 1458 1477 1496 1509 1521 1530 1540 1551 1563 1575 1588 1601 1615 1630 1644 1658 1672 1686 1698 1707 1715 1722
1468 1465 1480 1493 1500 1501 1501 1500 1479 1443 1431 1438 1443 1449 1461 1476 1487 1497 1502 1505 1509 1508 1507 1508 1512 1514 1510 1507 1503 1500 1496 1491 1487 1483 1479 1473 1468 1462 1463 1471 1481 1485 1489 1493 1498 1502 1501 1500 1498 1495 1486 1479 1472 1466 1460 1455 1450 1443 1430 1430 1440 1451 1464 1479 1489 1500 1513 1525 1536 1546 1558 1570 1582 1597 1609 1621 1632 1644 1655 1675 1685 1693 1700 1703
1486 1500 1503 1508 1511 1508 1506 1504 1501 1473 1433 1426 1434 1445 1460 1473 1480 1482 1483 1487 1488 1486 1485 1489 1492 1494 1494 1492 1490 1487 1486 1483 1479 1474 1469 1463 1458 1448 1446 1453 1460 1470 1480 1481 1483 1484 1484 1483 1482 1482 1476 1469 1463 1455 1446 1439 1432 1424 1410 1420 1435 1449 1462 1473 1484 1496 1508 1520 1529 1538 1549 1562 1576 1584 1588 1597 1599 1606 1631 1660 1678 1682 1685 1689
1509 1515 1520 1521 1520 1515 1509 1505 1500 1462 1423 1420 1432 1446 1458 1463 1467 1463 1464 1467 1471 1471 1471 1473 1477 1479 1478 1476 1474 1472 1469 1466 1464 1461 1455 1448 1441 1432 1429 1434 1440 1449 1457 1461 1463 1464 1467 1466 1465 1464 1463 1462 1458 1449 1439 1429 1420 1410 1399 1404 1421 1434 1449 1465 1480 1491 1502 1512 1522 1533 1542 1551 1561 1569 1568 1570 1575 1590 1618 1644 1665 1678 1681 1682
1523 1526 1525 1524 1519 1511 1505 1488 1458 1428 1418 1417 1426 1434 1437 1438 1440 1443 1448 1451 1453 1456 1459 1462 1462 1461 1460 1458 1455 1453 1450 1448 1445 1442 1436 1427 1420 1414 1411 1417 1425 1431 1437 1443 1447 1452 1455 1458 1461 1460 1458 1454 1450 1444 1435 1423 1410 1399 1393 1391 1404 1417 1432 1448 1463 1481 1492 1501 1509 1516 1517 1527 1542 1547 1542 1548 1561 1576 1595 1622 1648 1669 1680 1676
1526 1523 1518 1512 1506 1499 1487 1467 1447 1427 1415 1411 1415 1418 1417 1416 1420 1423 1428 1433 1436 1441 1444 1446 1445 1444 1444 1443 1441 1439 1435 1430 1426 1423 1417 1407 1398 1393 1392 1396 1402 1412 1420 1425 1431 1438 1443 1446 1449 1451 1451 1459 1460 1453 1436 1423 1406 1393 1380 1381 1396 1407 1416 1429 1444 1455 1468 1478 1485 1491 1499 1507 1515 1514 1516 1528 1543 1560 1608 1634 1652 1666 1672 1664
1517 1509 1503 1495 1486 1478 1471 1455 1436 1422 1418 1415 1411 1407 1404 1403 1403 1405 1410 1415 1420 1422 1425 1427 1429 1427 1424 1421 1421 1419 1412 1409 1404 1400 1395 1388 1380 1376 1373 1376 1380 1388 1396 1400 1405 1412 1416 1420 1425 1436 1445 1454 1460 1460 1456 1432 1410 1394 1375 1376 1384 1394 1403 1413 1423 1433 1443 1452 1462 1470 1478 1484 1490 1491 1497 1513 1531 1555 1605 1624 1644 1657 1663 1652
1517 1507 1498 1489 1480 1469 1457 1445 1446 1442 1431 1422 1417 1413 1407 1403 1399 1396 1396 1398 1400 1403 1405 1408 1410 1413 1407 1400 1396 1395 1391 1388 1384 1380 1373 1368 1363 1362 1360 1360 1363 1366 1369 1375 1377 1379 1383 1390 1395 1399 1407 1414 1420 1446 1461 1447 1423 1402 1378 1367 1377 1385 1393 1401 1407 1415 1426 1437 1446 1454 1462 1468 1468 1472 1480 1494 1521 1549 1589 1610 1625 1635 1643 1635
1527 1516 1505 1492 1479 1473 1470 1471 1468 1460 1450 1440 1432 1423 1418 1416 1411 1407 1403 1398 1394 1389 1385 1387 1389 1389 1381 1379 1377 1376 1374 1372 1370 1367 1366 1364 1363 1361 1360 1359 1359 1359 1359 1359 1359 1360 1363 1366 1373 1378 1380 1387 1395 1400 1404 1403 1400 1393 1374 1360 1364 1371 1378 1386 1395 1404 1413 1421 1429 1437 1443 1449 1449 1457 1462 1477 1508 1540 1569 1588 1602 1617 1624 1613
1535 1516 1506 1503 1501 1496 1492 1488 1483 1476 1466 1458 1449 1438 1439 1436 1433 1429 1426 1422 1415 1404 1404 1398 1393 1389 1385 1383 1381 1379 1379 1377 1378 1377 1374 1371 1368 1365 1361 1360 1358 1357 1355 1353 1352 1353 1355 1356 1357 1358 1359 1360 1369 1377 1380 1380 1382 1373 1362 1357 1353 1360 1367 1374 1380 1389 1397 1401 1405 1410 1415 1420 1430 1438 1444 1455 1487 1528 1554 1572 1585 1597 1602 1597
1553 1539 1534 1527 1522 1517 1512 1506 1501 1493 1486 1477 1464 1456 1456 1453 1449 1446 1443 1440 1430 1434 1425 1417 1416 1410 1405 1406 1406 1400 1396 1392 1393 1390 1387 1383 1379 1377 1375 1371 1368 1366 1362 1359 1356 1353 1349 1349 1348 1347 1348 1348 1349 1350 1354 1356 1357 1357 1354 1349 1346 1350 1354 1357 1360 1367 1374 1380 1384 1390 1395 1400 1416 1424 1429 1434 1468 1503 1544 1556 1566 1577 1583 1583
1568 1563 1556 1548 1542 1535 1529 1522 1515 1509 1507 1490 1478 1475 1473 1474 1475 1470 1463 1458 1450 1458 1447 1441 1444 1436 1425 1423 1424 1420 1416 1410 1410 1408 1405 1403 1399 1396 1392 1387 1383 1379 1374 1369 1363 1359 1357 1354 1351 1349 1346 1343 1340 1339 1338 1336 1338 1341 1340 1341 1340 1341 1343 1345 1347 1349 1351 1354 1358 1366 1375 1385 1394 1403 1409 1416 1442 1479 1514 1535 1540 1541 1534 1528
1608 1595 1586 1578 1567 1559 1552 1542 1532 1524 1525 1507 1498 1491 1490 1491 1491 1487 1482 1477 1473 1481 1475 1468 1461 1453 1441 1445 1442 1439 1436 1433 1431 1428 1424 1422 1419 1414 1407 1402 1398 1391 1385 1379 1373 1365 1360 1358 1356 1353 1351 1349 1347 1346 1342 1339 1337 1335 1335 1335 1336 1339 1336 1335 1335 1335 1335 1335 1337 1347 1359 1367 1376 1381 1386 1389 1394 1425 1466 1502 1503 1489 1478 1467
1635 1618 1600 1593 1584 1576 1567 1558 1550 1542 1545 1525 1519 1516 1513 1510 1506 1503 1499 1494 1493 1498 1494 1487 1478 1473 1467 1466 1460 1458 1455 1452 1449 1447 1444 1440 1437 1433 1429 1423 1418 1411 1403 1398 1390 1382 1374 1367 1360 1358 1355 1355 1356 1356 1352 1347 1342 1339 1337 1335 1335 1335 1335 1335 1335 1335 1335 1335 1335 1335 1335 1340 1349 1358 1361 1364 1368 1388 1416 1438 1451 1439 1425 1414
1672 1656 1639 1620 1602 1595 1587 1580 1573 1566 1566 1559 1556 1551 1542 1536 1530 1524 1518 1516 1516 1515 1508 1502 1496 1490 1486 1485 1480 1477 1474 1471 1469 1465 1462 1460 1457 1454 1451 1447 1444 1441 1438 1430 1421 1412 1404 1384 1372 1362 1363 1366 1371 1374 1373 1372 1366 1361 1350 1344 1341 1339 1335 1335 1335 1335 1335 1335 1335 1335 1335 1335 1335 1335 1335 1335 1338 1338 1335 1351 1390 1384 1382 1385
1689 1677 1664 1651 1633 1620 1600 1597 1593 1589 1589 1592 1593 1592 1586 1576 1570 1564 1557 1548 1544 1543 1535 1525 1518 1509 1507 1502 1498 1493 1490 1486 1487 1485 1483 1482 1481 1479 1476 1473 1472 1468 1466 1466 1456 1437 1419 1400 1379 1378 1387 1394 1397 1398 1395 1390 1384 1378 1371 1370 1361 1363 1360 1355 1349 1345 1339 1336 1335 1335 1335 1335 1335 1335 1335 1335 1335 1335 1335 1335 1335 1335 1339 1345
1714 1702 1690 1680 1671 1659 1649 1639 1629 1614 1618 1623 1629 1626 1617 1609 1603 1599 1592 1584 1580 1580 1572 1562 1553 1545 1536 1527 1519 1511 1505 1501 1503 1505 1503 1500 1499 1496 1492 1491 1494 1493 1493 1495 1491 1487 1481 1436 1393 1409 1426 1444 1449 1441 1430 1420 1404 1398 1396 1394 1390 1390 1389 1390 1377 1367 1357 1347 1338 1335 1335 1335 1335 1335 1335 1335 1335 1335 1335 1335 1335 1335 1335 1335
1743 1724 1708 1698 1689 1682 1673 1662 1653 1649 1651 1658 1665 1666 1659 1652 1645 1636 1629 1622 1618 1615 1609 1601 1590 1577 1566 1555 1543 1529 1524 1526 1526 1530 1528 1526 1522 1520 1515 1514 1515 1514 1516 1516 1512 1507 1502 1467 1403 1455 1490 1504 1499 1492 1481 1474 1467 1461 1452 1446 1439 1430 1424 1417 1414 1409 1405 1385 1360 1338 1335 1335 1335 1335 1335 1335 1335 1335 1335 1335 1335 1335 1335 1335
1789 1775 1762 1744 1731 1718 1700 1695 1684 1678 1685 1692 1701 1704 1698 1692 1685 1679 1673 1664 1659 1654 1640 1618 1597 1590 1582 1574 1566 1560 1556 1560 1561 1562 1559 1557 1552 1549 1545 1545 1543 1542 1539 1533 1526 1521 1506 1478 1506 1517 1528 1538 1531 1522 1512 1500 1494 1488 1481 1471 1464 1457 1451 1442 1444 1449 1451 1431 1414 1384 1339 1337 1335 1335 1335 1336 1335 1335 1335 1335 1335 1335 1335 1335
1817 1799 1787 1775 1764 1750 1739 1727 1715 1704 1713 1721 1727 1735 1732 1727 1716 1712 1708 1704 1698 1680 1664 1645 1625 1608 1598 1593 1586 1584 1590 1595 1597 1593 1588 1585 1581 1579 1575 1573 1571 1568 1557 1547 1537 1520 1504 1518 1531 1542 1556 1571 1580 1567 1556 1546 1536 1523 1513 1503 1496 1490 1484 1475 1474 1481 1481 1470 1455 1433 1410 1372 1352 1351 1348 1348 1348 1344 1340 1335 1335 1335 1335 1335
1845 1831 1815 1800 1791 1780 1767 1755 1746 1748 1746 1753 1760 1767 1762 1759 1755 1752 1748 1745 1728 1707 1686 1671 1662 1652 1638 1622 1600 1621 1637 1641 1638 1636 1632 1629 1621 1619 1623 1609 1599 1591 1574 1558 1540 1519 1530 1543 1559 1574 1590 1603 1612 1609 1607 1605 1602 1600 1585 1569 1573 1582 1579 1550 1524 1522 1503 1488 1472 1453 1433 1413 1387 1372 1368 1364 1359 1353 1347 1340 1340 1335 1335 1335
1870 1859 1849 1838 1826 1815 1805 1792 1777 1783 1786 1794 1800 1800 1803 1800 1795 1795 1788 1775 1752 1731 1707 1697 1701 1702 1681 1681 1678 1685 1691 1688 1687 1685 1686 1687 1684 1680 1655 1639 1622 1604 1581 1560 1540 1537 1555 1574 1590 1604 1614 1623 1635 1637 1635 1629 1626 1623 1620 1609 1615 1622 1623 1612 1600 1583 1542 1497 1477 1461 1442 1421 1400 1391 1384 1380 1371 1363 1355 1353 1349 1346 1343 1341
1889 1888 1875 1863 1852 1841 1831 1820 1806 1811 1816 1822 1822 1825 1842 1844 1835 1825 1812 1794 1773 1754 1734 1722 1722 1718 1715 1711 1718 1727 1728 1717 1706 1698 1692 1687 1682 1672 1662 1646 1626 1609 1588 1565 1543 1558 1576 1594 1609 1625 1637 1650 1661 1663 1662 1662 1657 1647 1635 1629 1637 1646 1651 1646 1638 1618 1600 1549 1499 1472 1452 1439 1425 1411 1398 1388 1379 1372 1367 1367 1365 1362 1359 1355
1908 1909 1902 1893 1885 1880 1865 1852 1841 1841 1843 1848 1853 1856 1865 1863 1852 1839 1825 1811 1797 1778 1760 1750 1746 1741 1740 1742 1749 1746 1736 1721 1710 1699 1694 1688 1682 1671 1658 1646 1628 1606 1587 1568 1563 1585 1603 1622 1636 1651 1670 1684 1690 1690 1683 1681 1676 1666 1654 1656 1660 1669 1674 1667 1660 1647 1628 1604 1560 1514 1488 1471 1451 1434 1418 1402 1393 1384 1379 1383 1383 1381 1377 1371
