app/alps_03.asc
ncols        234
nrows        188
xllcorner    9.637638888889
yllcorner    46.142916666667
cellsize     0.000277777778
NODATA_value -9999
[rows 126 to 167 of 188, columns 0 to 93 of 234]
277 275 275 275 272 271 273 273 273 278 274 272 277 273 273 276 272 273 276 272 272 275 270 272 269 269 273 268 268 269 268 268 268 269 268 268 268 268 268 270 267 268 265 268 269 264 265 268 264 264 267 265 264 263 263 263 263 263 263 262 262 262 262 262 262 262 261 261 261 261 261 261 260 259 257 255 255 253 254 254 254 254 254 254 254 254 254 254 254 254 254 254 254 254
280 272 272 280 272 271 280 273 273 278 274 272 277 273 273 276 272 273 276 272 275 269 270 274 269 269 273 268 268 269 268 268 268 269 268 268 268 268 270 270 265 269 265 264 269 264 265 268 264 264 267 265 264 262 262 262 262 262 262 262 261 261 261 261 261 261 261 261 260 258 256 255 253 253 253 253 253 253 253 253 253 253 253 254 254 254 254 254 254 254 254 255 255 255
280 272 272 280 272 271 280 273 273 278 274 272 277 273 273 276 270 276 269 269 275 269 270 274 269 269 273 268 268 269 268 268 268 269 266 268 265 265 270 265 265 269 265 264 269 264 265 268 264 264 267 264 264 262 262 262 262 262 261 261 261 261 261 261 260 258 257 255 253 253 253 253 253 253 253 253 253 254 254 254 254 254 254 255 255 255 255 256 256 256 256 257 257 258
280 272 272 280 272 271 280 273 273 278 273 272 270 270 277 269 270 276 269 269 275 269 270 274 269 269 273 268 268 269 268 268 272 265 266 271 265 265 270 265 265 269 265 264 269 264 265 268 264 264 262 263 265 261 261 261 261 261 261 261 260 259 258 256 254 253 253 253 253 253 253 253 253 253 253 253 253 253 254 254 255 255 255 256 256 256 257 257 258 258 258 259 259 259
280 272 272 280 272 271 280 273 278 270 270 277 270 270 277 269 270 276 269 269 275 269 270 274 269 269 273 268 266 273 265 265 272 265 266 271 265 265 270 265 264 269 265 264 268 264 264 267 262 266 262 261 264 261 261 261 261 260 259 257 255 253 253 253 253 253 253 253 253 253 253 253 253 253 254 254 255 255 255 256 256 257 257 258 258 258 259 259 260 261 261 262 263 264
280 272 272 280 270 271 269 269 278 270 270 277 270 270 277 269 270 276 269 269 275 266 270 274 266 266 265 265 266 273 265 265 271 265 265 270 265 265 269 264 264 262 264 263 262 262 265 261 262 264 261 261 262 260 259 256 254 253 253 253 253 253 253 253 253 253 253 253 253 253 253 254 254 255 255 255 256 256 257 257 257 258 258 259 259 259 261 262 263 265 266 266 268 269
271 272 280 269 270 280 269 269 278 270 270 277 270 270 277 269 269 276 269 269 266 266 265 265 266 266 265 265 266 272 265 265 270 265 265 269 264 267 267 263 266 262 262 265 262 262 263 261 261 261 259 258 255 253 253 253 253 253 253 253 253 253 253 253 253 253 253 253 254 254 254 255 255 256 256 256 257 257 258 258 258 259 259 259 261 262 264 265 266 267 269 270 272 273
271 269 278 269 270 279 269 269 278 270 269 277 270 270 277 266 276 275 266 265 266 266 265 265 266 266 265 265 266 270 265 265 268 264 264 262 262 266 262 261 265 262 261 263 261 261 260 258 257 255 254 252 252 252 252 252 252 252 252 252 252 252 253 253 253 253 254 254 255 255 255 256 256 256 257 257 257 258 258 259 259 259 260 261 263 265 266 268 270 270 272 274 275 277
271 269 277 269 270 277 269 269 278 270 269 266 266 276 266 266 275 265 266 265 266 266 265 265 266 266 265 264 265 269 264 268 262 262 266 262 262 264 261 261 263 261 260 259 257 255 252 252 252 252 252 252 252 252 252 252 252 253 253 253 253 253 254 254 254 255 255 255 256 256 256 257 257 257 258 258 258 259 259 259 260 261 263 265 266 268 270 272 274 277 279 280 285 291
270 269 275 269 270 276 269 277 266 266 276 266 266 274 266 266 273 265 266 265 266 265 265 265 265 265 264 263 267 262 262 267 262 262 265 261 261 262 260 259 258 256 253 252 252 252 252 252 252 252 252 252 252 252 253 253 253 254 254 254 254 255 255 255 256 256 256 257 257 257 258 258 258 259 259 259 261 263 264 266 268 270 272 274 276 278 278 279 280 282 286 290 294 300
269 269 274 268 269 267 266 275 266 266 274 266 266 272 266 266 271 265 265 265 265 264 264 263 263 267 262 263 266 262 262 265 261 261 262 260 258 256 254 252 252 252 252 252 252 252 252 252 252 252 252 252 252 252 252 253 253 254 254 254 255 255 256 256 256 257 257 258 258 258 259 259 260 262 263 265 267 269 271 272 274 276 277 280 282 284 287 288 289 288 290 294 296 301
268 273 267 268 273 267 266 274 266 266 273 265 265 271 265 265 270 265 264 268 262 262 267 263 263 265 262 262 264 261 261 261 259 257 256 252 252 252 252 252 252 252 252 252 252 252 252 252 252 252 253 253 253 254 254 254 254 255 255 256 256 256 257 257 258 258 258 259 259 260 262 264 266 268 270 272 274 275 277 280 281 283 286 289 290 293 296 297 296 295 294 296 298 305
267 271 267 267 271 267 266 272 265 266 271 265 265 269 264 263 268 262 262 266 262 262 266 262 262 264 261 261 260 259 256 254 252 252 252 252 252 252 252 252 252 252 252 252 253 253 253 254 254 254 254 254 254 255 255 255 256 256 257 257 257 258 258 258 259 259 260 261 262 264 266 268 270 272 273 275 277 279 286 300 303 307 310 315 320 315 315 312 306 300 299 304 304 320
266 269 266 266 270 266 265 271 265 265 263 263 264 263 262 263 262 262 262 264 261 261 262 261 261 260 257 256 253 251 251 251 251 251 251 251 252 252 252 252 253 253 254 254 255 254 254 255 255 256 256 257 256 257 258 258 259 260 260 260 260 262 262 264 266 268 270 271 274 276 280 281 282 280 280 280 284 302 314 321 324 327 331 334 337 340 340 340 330 320 320 326 334 346
265 265 265 265 267 265 269 263 264 263 263 263 262 263 262 262 262 261 261 262 260 259 258 256 254 252 251 251 251 251 251 251 251 251 252 252 253 253 254 254 255 255 256 256 257 256 256 256 256 257 257 258 258 259 260 262 263 265 266 268 269 271 271 273 274 276 277 279 285 297 302 309 315 313 310 304 306 320 328 337 341 343 345 346 349 351 354 356 357 360 355 360 355 357
264 264 264 264 264 263 267 263 262 263 262 262 262 262 261 261 261 260 258 257 255 253 251 251 251 251 251 251 251 251 252 252 252 253 253 254 254 255 255 256 256 257 258 257 258 258 257 258 258 258 259 259 261 263 265 267 267 269 271 273 276 277 278 277 279 285 300 308 318 323 326 330 335 337 338 330 326 334 341 349 356 360 364 367 368 371 375 378 383 388 392 388 380 373
262 262 262 262 262 262 265 262 262 262 261 261 261 260 259 257 256 254 252 251 251 251 251 251 251 251 251 251 251 252 252 252 253 254 254 255 256 256 257 258 258 259 259 260 259 259 259 259 259 261 263 265 267 270 272 275 277 283 296 306 309 305 298 299 306 316 321 328 335 341 350 360 361 360 357 350 344 346 360 366 374 383 386 392 394 396 395 399 410 424 425 420 416 409
261 261 261 261 261 261 263 261 261 260 258 256 253 251 251 251 251 251 251 251 251 251 251 251 251 251 251 252 253 253 254 255 256 256 257 258 259 259 260 261 262 263 264 266 267 267 265 266 271 276 285 291 300 292 295 297 300 305 320 332 340 340 340 340 340 340 347 350 357 365 372 380 380 378 370 363 357 360 370 384 397 403 416 422 427 432 438 446 454 459 456 447 440 434
260 260 260 260 260 259 258 257 254 252 251 251 251 251 251 251 251 251 251 251 251 252 252 252 253 253 254 255 254 255 256 256 257 258 258 259 260 262 264 266 268 269 271 273 274 274 275 278 284 291 308 323 330 332 335 336 336 337 339 346 360 368 368 367 367 371 375 380 382 388 400 405 403 400 393 380 375 376 380 400 416 430 440 447 458 474 484 497 500 500 488 477 466 455
255 255 254 253 252 250 250 251 251 251 251 251 251 251 252 252 252 252 253 253 253 254 254 255 255 256 256 256 257 257 258 258 259 259 260 261 263 265 268 270 273 275 278 283 287 293 295 297 300 320 337 346 353 356 360 365 368 365 368 360 368 382 393 403 400 407 410 420 425 430 435 436 431 424 416 407 400 402 414 417 440 449 460 477 488 503 512 519 527 535 526 516 504 491
250 250 250 250 250 250 250 251 251 251 251 251 252 252 252 253 253 253 254 254 255 255 255 256 256 257 257 257 258 258 258 259 259 260 262 264 266 269 271 272 275 277 281 289 300 322 330 330 335 349 363 380 388 393 395 400 400 410 408 398 392 393 402 415 427 440 444 448 457 463 465 467 459 450 442 436 429 432 448 454 458 476 490 500 520 527 535 540 556 570 554 537 520 503
250 250 250 250 250 250 250 253 253 252 253 253 253 254 254 254 255 254 254 256 255 256 257 256 257 258 257 258 258 258 259 260 262 265 267 269 271 274 277 283 284 289 293 300 320 345 362 369 380 380 388 403 415 425 434 436 440 441 444 440 429 420 418 429 443 455 468 483 491 495 495 493 486 477 468 455 451 460 475 486 490 500 514 527 540 553 570 588 600 606 601 575 542 508
250 251 251 252 252 253 253 255 255 253 255 255 254 256 255 256 256 255 257 257 256 258 258 257 258 259 259 260 260 262 264 266 268 270 272 273 275 277 283 300 311 323 331 342 353 368 390 406 417 424 420 431 442 454 461 468 472 477 471 464 454 449 450 451 456 468 483 496 510 522 524 525 523 506 500 490 480 480 504 520 520 530 547 566 579 600 608 615 622 628 622 596 561 511
252 253 253 253 254 255 255 257 257 257 257 256 257 258 257 258 258 257 258 258 258 259 260 260 261 263 264 265 267 268 268 270 271 273 274 276 277 279 288 304 327 344 360 375 391 402 413 423 437 449 457 461 467 473 481 496 503 508 500 485 472 473 475 480 480 478 485 497 518 536 545 548 552 545 541 530 520 513 520 540 546 552 577 603 620 631 636 644 646 641 620 588 551 514
256 257 258 259 260 259 259 259 259 259 259 259 259 259 260 260 261 262 261 262 263 264 265 266 267 267 268 269 270 271 272 273 274 274 276 277 278 279 285 300 326 349 369 395 412 427 437 448 462 473 482 497 508 513 520 527 536 539 522 504 496 500 511 519 517 504 498 508 529 544 556 564 570 572 570 566 560 553 546 560 569 576 600 624 642 653 660 672 675 651 618 591 560 526
260 260 260 260 261 261 264 264 265 265 266 266 267 267 268 268 269 269 270 270 271 272 272 273 273 274 274 275 274 275 275 276 276 277 277 278 279 285 294 305 322 343 360 392 420 440 458 469 480 502 513 525 540 548 557 565 569 573 559 545 545 557 560 574 557 542 529 532 540 552 568 583 593 593 594 593 587 582 570 578 600 606 627 649 662 676 690 695 687 655 631 606 580 557
263 262 263 263 263 263 266 266 267 267 268 268 269 269 270 270 270 271 271 271 272 273 272 274 274 274 275 276 276 276 277 277 278 278 279 279 292 315 326 340 348 355 360 376 410 440 464 485 504 515 527 540 552 565 577 595 608 605 600 588 590 594 605 613 605 600 600 583 575 580 588 605 621 623 621 617 610 605 600 600 615 632 650 670 695 707 716 711 700 666 646 620 593 567
264 264 264 265 265 265 268 268 268 269 270 269 271 271 271 272 272 272 273 272 273 274 273 275 275 274 276 277 277 277 278 278 279 279 282 294 316 337 353 365 380 388 396 405 414 433 460 485 505 520 534 548 564 580 600 620 634 644 641 634 639 643 648 650 653 655 659 635 624 633 642 650 657 660 654 649 643 637 632 634 645 660 674 695 720 735 740 724 697 676 650 632 597 574
266 267 267 267 268 268 270 270 271 271 271 273 273 272 274 274 274 274 275 273 274 275 274 276 276 275 277 278 277 278 279 282 289 295 300 324 343 360 375 396 408 420 432 440 445 452 458 478 510 528 543 558 578 594 613 634 655 662 666 670 674 677 680 688 692 698 708 686 666 672 677 683 689 694 693 682 676 671 665 668 688 704 710 720 737 760 751 734 700 680 655 630 606 583
268 268 269 269 270 270 274 271 273 274 273 275 275 274 276 276 275 276 276 275 276 277 275 277 277 276 278 279 279 283 291 300 311 323 336 347 362 374 393 417 436 452 460 476 483 487 484 480 500 530 548 565 590 607 624 640 661 669 677 688 700 704 708 712 717 725 728 720 720 720 713 720 724 727 730 730 714 704 696 697 716 729 740 762 783 780 754 730 705 687 661 634 614 596
270 271 271 271 272 272 276 273 275 276 275 277 277 277 278 278 278 278 278 277 278 278 279 279 278 279 280 285 291 298 310 324 337 347 360 367 376 388 413 433 460 480 502 515 523 528 533 530 524 531 548 580 603 620 634 649 665 684 700 710 721 726 732 737 743 749 750 749 742 736 737 745 753 755 756 756 748 736 732 734 750 773 791 800 800 773 749 720 703 684 664 640 620 600
273 273 274 275 275 276 278 276 277 278 277 279 280 280 281 282 283 285 284 285 286 286 288 288 290 289 292 296 300 320 334 345 355 363 370 378 394 410 436 456 480 501 520 531 545 556 560 560 560 554 552 579 600 624 643 660 686 701 720 730 741 747 753 760 766 772 776 779 771 758 754 766 782 790 785 781 776 770 771 778 786 789 795 800 787 764 738 711 697 680 660 638 623 604
276 277 278 278 280 280 280 280 281 281 281 282 282 281 282 283 285 286 287 289 290 291 292 294 295 296 298 299 317 332 345 356 366 375 388 400 416 436 453 475 493 511 530 548 564 577 589 600 600 600 593 591 600 623 660 682 701 716 729 743 756 768 777 780 792 800 810 805 798 785 778 802 814 825 823 820 809 806 809 812 803 791 779 772 765 750 725 700 686 667 652 633 620 604
278 279 280 280 280 280 281 281 281 282 282 283 283 283 283 284 286 287 288 289 291 292 293 295 296 297 298 309 325 342 360 369 378 393 407 420 433 450 469 486 502 524 540 560 583 600 611 621 623 625 624 623 623 624 651 685 710 725 737 756 776 796 808 820 822 827 834 836 835 827 828 833 850 860 860 855 860 850 841 828 812 790 764 751 735 720 704 686 670 654 638 625 615 603
279 280 280 281 281 282 282 283 283 283 284 283 284 284 285 286 287 289 290 291 292 293 295 296 297 298 300 318 338 355 366 374 390 408 423 440 454 470 485 500 515 534 557 580 598 615 627 638 643 648 652 661 666 660 664 676 703 726 748 776 803 820 834 843 848 850 856 860 864 860 860 880 893 895 892 890 884 868 852 837 812 783 754 734 717 700 679 667 654 639 629 618 609 600
280 280 281 281 282 282 283 283 284 284 285 285 286 286 287 288 289 290 291 292 293 294 296 297 298 299 303 320 345 363 371 380 403 420 441 455 469 484 501 515 530 554 571 590 609 624 637 651 662 670 676 690 707 713 710 715 720 740 777 812 835 850 857 867 875 880 887 903 903 895 900 910 917 922 920 906 900 881 859 826 800 779 754 730 705 686 668 652 638 627 618 610 600 590
281 281 282 282 283 284 284 284 285 285 286 286 287 287 288 289 290 291 292 293 294 295 296 297 298 299 303 320 345 363 372 385 408 430 450 468 482 500 515 536 550 564 580 594 613 629 645 663 677 688 698 720 736 750 761 769 781 792 809 823 848 871 890 900 910 913 916 926 930 929 924 933 941 940 931 920 904 886 862 834 806 782 760 737 714 691 671 653 637 619 609 600 589 580
282 282 282 283 284 284 284 286 286 286 287 288 288 289 290 291 292 292 293 294 295 296 296 297 298 299 303 320 343 360 372 387 409 435 456 476 495 513 530 546 560 576 593 611 626 640 658 676 705 724 737 760 775 796 808 820 835 842 842 849 869 900 924 935 942 944 949 952 951 952 955 954 954 948 937 917 902 873 846 823 800 783 765 747 729 711 690 660 638 620 601 588 577 570
283 284 284 284 285 285 285 287 287 289 289 290 290 290 291 292 293 294 294 295 296 297 298 299 302 306 316 330 345 360 374 392 420 434 455 474 494 517 534 550 566 584 606 626 642 660 680 710 728 752 775 796 820 835 849 863 878 877 870 874 896 923 954 967 980 990 990 988 980 978 977 973 966 957 932 906 883 855 831 809 792 779 764 749 734 717 700 670 645 621 602 586 575 565
284 285 285 286 287 287 289 289 289 290 290 291 291 291 293 294 295 295 296 297 298 299 299 306 315 332 344 351 356 368 382 400 411 428 449 468 483 502 528 550 566 583 610 630 656 685 707 733 760 785 810 832 855 868 880 900 918 912 900 897 925 956 990 1000 1002 1003 1002 1001 1000 994 989 982 961 940 918 893 866 838 819 808 794 778 759 743 728 712 694 669 645 628 608 590 575 562
286 286 287 287 288 289 290 290 290 291 291 292 292 292 294 295 295 296 297 298 298 299 305 313 323 334 349 365 380 388 398 407 416 429 448 465 477 493 526 546 566 585 610 640 668 692 720 753 780 805 830 856 880 905 928 952 974 951 932 940 966 995 1005 1007 1008 1006 1005 1003 1002 1000 990 967 944 920 903 878 842 814 804 796 779 758 735 711 698 692 676 660 644 620 604 590 577 560
287 288 288 289 290 290 291 291 292 292 292 293 293 293 296 296 297 297 298 298 299 299 306 316 325 335 354 380 390 401 408 414 423 438 455 467 485 500 533 553 574 594 616 640 664 684 710 741 773 806 835 860 890 930 1000 1000 1000 995 970 970 990 1005 1013 1015 1013 1010 1008 1006 1003 1001 979 953 927 900 874 846 819 804 796 790 770 748 722 700 691 680 665 654 640 613 595 582 577 570
