app/alps_10.asc
ncols        244
nrows        97
xllcorner    9.271805555556
yllcorner    46.789305555556
cellsize     0.000277777778
NODATA_value -9999
[rows 0 to 41 of 97, columns 94 to 187 of 244]
1072 1066 1066 1067 1067 1067 1067 1068 1068 1069 1068 1069 1069 1068 1065 1063 1060 1057 1049 1043 1039 1037 1036 1034 1030 1026 1024 1020 1016 1012 1009 1005 1002 1000 1000 1000 1000 1000 1000 1000 1000 1000 1000 1000 999 998 997 995 994 993 992 990 987 984 980 978 976 974 973 970 969 968 966 965 963 962 960 961 961 959 956 954 951 949 947 945 943 941 945 950 954 958 963 969 975 981 986 986 983 980 977 972 969 969
1090 1080 1076 1073 1075 1074 1073 1073 1073 1074 1076 1077 1079 1078 1075 1071 1067 1064 1061 1054 1046 1040 1035 1031 1028 1026 1023 1020 1017 1010 1005 1000 1000 1000 999 999 999 998 998 998 998 998 997 997 996 995 994 993 993 992 991 989 986 984 981 979 978 976 974 972 971 970 969 968 967 966 965 965 964 961 958 956 954 951 950 949 948 948 950 950 951 954 956 959 963 968 972 978 982 981 980 980 976 972
1107 1101 1092 1084 1082 1079 1075 1075 1076 1078 1080 1083 1083 1082 1081 1081 1078 1073 1068 1063 1058 1052 1046 1040 1035 1030 1026 1021 1015 1010 1005 1000 1000 999 998 998 997 997 996 995 996 994 994 994 993 993 992 992 991 991 991 989 987 985 984 981 980 978 977 975 974 972 970 970 970 970 970 969 966 960 959 958 956 955 954 953 953 954 955 955 955 956 955 956 955 957 961 966 970 976 980 980 979 975
1123 1115 1107 1100 1093 1085 1079 1078 1080 1084 1087 1091 1089 1087 1086 1084 1083 1081 1079 1074 1069 1064 1057 1051 1046 1040 1032 1025 1019 1013 1007 1002 1000 998 997 996 995 994 993 992 990 991 991 991 991 991 991 991 991 991 991 989 986 984 980 979 978 976 975 974 973 971 969 964 960 961 968 970 970 965 960 960 960 960 959 959 958 960 961 961 960 957 955 953 950 950 950 954 959 963 967 970 971 971
1140 1131 1123 1114 1105 1096 1089 1086 1088 1092 1095 1098 1096 1094 1092 1090 1088 1086 1084 1081 1077 1072 1066 1060 1053 1047 1039 1032 1023 1017 1012 1008 1003 1000 999 997 996 995 994 993 992 991 993 994 995 996 998 999 1000 996 992 988 985 981 979 976 975 974 973 972 972 971 968 964 960 960 962 969 970 970 966 960 960 960 960 959 961 964 967 969 967 964 960 954 950 950 950 950 950 951 956 960 961 963
1147 1141 1133 1124 1115 1107 1099 1095 1095 1098 1100 1100 1100 1100 1100 1100 1097 1092 1089 1086 1082 1078 1072 1065 1059 1050 1042 1035 1028 1020 1017 1013 1010 1007 1004 1000 999 998 996 995 994 994 995 996 997 999 1000 1000 1000 999 992 987 981 979 976 973 971 971 971 971 971 970 967 964 960 960 960 960 966 965 964 963 961 960 960 960 963 967 973 980 980 976 971 965 960 954 950 950 950 950 950 950 951 955
1146 1143 1139 1131 1123 1117 1110 1103 1101 1101 1102 1101 1100 1100 1100 1100 1098 1095 1092 1089 1085 1082 1077 1071 1064 1058 1051 1045 1040 1032 1026 1020 1017 1013 1010 1007 1004 1000 999 997 996 995 995 995 995 996 996 998 1000 995 989 983 979 976 973 970 970 970 970 971 970 968 967 965 964 962 961 960 960 961 961 961 961 961 960 962 965 968 976 980 980 980 980 980 976 968 960 954 950 950 950 950 950 950
1130 1135 1137 1135 1131 1126 1120 1117 1113 1109 1106 1102 1093 1080 1076 1072 1067 1062 1067 1079 1082 1080 1071 1062 1050 1035 1044 1046 1044 1041 1037 1032 1025 1019 1015 1012 1009 1005 1002 1000 999 997 995 994 992 991 990 990 994 992 987 982 978 976 973 970 969 969 968 968 967 970 970 970 969 967 964 962 960 960 961 960 960 960 960 962 965 967 972 979 982 984 987 989 990 984 976 968 961 954 950 949 948 948
1108 1110 1113 1115 1119 1121 1121 1121 1121 1120 1109 1091 1075 1062 1051 1040 1039 1037 1037 1045 1063 1060 1018 1002 1000 999 997 1000 1026 1035 1040 1040 1036 1032 1028 1024 1021 1016 1011 1006 1003 1000 998 997 995 994 994 992 991 989 986 983 980 978 975 973 970 969 969 969 970 970 970 970 970 969 966 964 962 960 960 960 960 960 960 960 963 966 970 975 980 985 990 995 1000 997 990 982 974 965 958 952 949 946
1082 1084 1088 1090 1092 1094 1100 1100 1102 1102 1091 1068 1051 1039 1031 1020 1013 1006 1001 996 1004 996 986 978 974 971 968 982 996 1006 1018 1028 1035 1033 1040 1040 1037 1030 1024 1017 1009 1005 1002 1000 998 998 1002 1003 999 995 990 987 983 980 979 977 975 973 972 971 971 971 971 971 971 971 970 967 965 961 960 960 960 960 960 960 962 965 967 970 975 981 986 990 992 992 989 985 982 977 969 961 955 949
1060 1060 1062 1063 1067 1068 1069 1071 1074 1076 1073 1060 1040 1026 1009 996 987 977 960 956 965 964 953 948 944 939 944 956 968 977 988 997 1001 1009 1022 1025 1020 1018 1018 1012 1013 1011 1009 1008 1007 1006 1005 1004 1005 1000 997 993 989 984 980 979 978 978 977 976 975 975 974 973 973 972 971 971 968 965 962 960 959 960 961 962 963 964 965 967 969 975 981 985 985 984 984 983 982 981 979 971 963 953
1030 1033 1040 1040 1042 1042 1045 1047 1048 1049 1050 1046 1030 1016 1000 984 970 958 951 943 933 918 917 916 915 910 918 931 941 951 961 973 983 993 1002 999 996 995 1002 991 988 992 991 989 986 987 985 986 987 987 987 987 991 990 989 987 985 983 981 979 977 975 973 970 963 963 964 963 961 961 957 947 944 951 955 960 961 961 962 963 965 966 967 967 962 957 969 981 981 981 981 974 966 955
1008 1013 1014 1016 1017 1020 1022 1023 1023 1026 1026 1024 1022 1009 990 975 960 948 935 925 917 908 895 891 900 885 900 906 910 915 917 920 929 936 944 954 961 967 964 959 960 965 962 960 957 955 952 954 956 958 956 960 973 983 990 990 985 981 967 960 953 955 958 948 937 938 944 938 937 940 941 927 923 927 929 932 937 950 960 961 960 940 922 912 924 911 933 953 977 968 981 976 970 963
992 996 997 998 1000 1001 1001 1003 1005 1006 1007 1009 1011 1003 988 971 954 938 923 912 900 890 880 871 872 863 854 856 858 865 864 857 852 854 864 894 914 930 925 919 931 946 939 936 932 930 926 925 928 933 935 938 946 960 980 978 964 955 945 937 931 928 924 920 910 904 918 914 916 922 927 918 900 902 908 913 917 925 940 942 914 881 877 871 888 897 908 917 925 931 957 961 961 961
980 981 982 982 980 983 982 982 982 987 988 990 991 994 986 969 954 937 918 906 893 878 866 859 847 845 835 830 835 839 839 835 828 835 840 843 844 881 861 883 910 932 920 914 908 900 899 899 900 904 910 916 928 945 963 962 950 934 924 916 908 900 900 891 887 879 880 886 893 898 902 899 885 876 877 880 891 898 913 926 913 887 840 833 834 843 856 865 874 884 896 918 960 961
980 977 976 976 963 962 963 962 960 965 967 970 970 975 979 964 957 939 919 906 891 878 860 856 839 824 818 810 810 819 818 814 806 816 824 825 827 814 815 830 900 911 910 896 888 878 878 876 878 880 888 896 912 926 944 939 933 922 910 896 887 878 874 874 863 851 840 856 860 868 880 880 867 855 855 858 866 877 884 890 857 826 813 800 798 803 818 836 866 890 913 940 958 960
977 974 971 969 960 958 956 953 949 947 950 952 953 954 957 959 960 940 923 907 891 877 860 854 836 819 807 796 789 798 797 792 787 796 800 802 799 789 798 819 870 886 892 886 876 864 857 855 859 863 869 879 893 899 910 915 912 904 895 886 876 862 852 848 846 832 817 825 840 848 858 857 850 835 834 837 844 856 856 852 795 781 781 778 778 785 813 838 900 928 940 960 949 930
977 973 969 965 961 956 951 947 942 940 940 939 940 939 939 940 944 941 928 912 897 880 863 848 833 817 803 788 775 770 778 775 770 780 782 778 769 769 788 807 829 849 864 871 864 851 840 837 838 844 853 864 871 879 887 895 889 882 876 871 866 850 836 828 820 814 799 806 810 820 826 834 832 821 811 814 820 832 826 814 777 753 755 758 757 759 804 838 900 919 939 924 914 904
983 978 971 965 960 955 950 945 940 938 935 932 931 928 925 928 932 935 928 914 904 885 868 852 837 820 803 786 771 760 752 751 756 760 763 760 757 760 773 796 811 823 834 846 857 842 828 820 819 822 832 841 848 856 867 880 871 864 857 850 845 842 832 817 800 795 785 780 783 793 801 805 810 802 795 794 796 800 802 780 746 729 729 732 734 736 783 833 885 914 920 897 884 875
987 981 975 968 961 955 947 940 932 923 919 917 915 913 915 919 922 923 916 902 889 879 864 848 832 820 808 793 776 760 745 737 740 742 746 745 747 757 771 786 797 798 800 816 829 826 815 806 800 806 812 819 827 838 852 862 854 844 836 830 828 831 824 812 797 783 769 761 763 768 776 783 786 782 775 771 766 764 754 730 706 709 709 711 712 734 772 812 861 905 893 872 853 842
988 983 976 970 961 953 945 937 927 918 913 909 904 900 903 907 910 907 893 883 874 863 852 839 826 811 798 789 779 764 750 738 727 719 723 720 734 746 755 762 765 770 776 787 799 800 797 789 781 786 793 800 811 824 836 846 842 830 819 814 808 817 818 806 791 774 760 748 740 744 754 762 760 764 757 747 736 725 714 697 691 696 693 697 703 727 770 812 856 853 841 828 814 809
983 982 971 964 958 950 942 932 920 915 911 905 898 893 894 899 898 899 879 866 851 835 820 812 799 788 775 777 771 764 752 738 720 716 710 712 727 737 748 746 746 746 747 762 776 779 781 774 764 767 773 786 802 816 822 827 832 825 813 800 794 798 802 793 780 767 753 740 732 724 723 730 738 748 732 711 699 693 686 679 677 680 676 684 692 698 742 795 811 786 767 746 725 733
972 967 963 958 952 945 936 926 916 911 907 902 895 885 883 879 873 871 865 855 838 819 807 794 780 768 756 755 762 761 751 737 720 712 701 704 720 730 734 730 726 722 723 737 752 762 760 755 742 740 758 767 795 803 800 805 812 813 805 796 781 778 780 776 767 757 744 733 719 712 707 710 718 729 708 694 682 671 665 662 660 660 659 657 659 687 727 744 727 700 693 699 700 702
961 957 951 947 941 936 928 920 911 901 902 895 882 872 866 857 846 849 845 838 828 815 798 784 770 756 744 738 745 756 749 739 721 700 695 700 710 719 704 708 706 697 693 709 729 739 727 718 710 714 738 748 760 769 778 784 785 778 776 777 770 760 758 755 749 740 730 721 711 700 696 699 705 704 692 680 668 658 653 646 643 639 639 640 641 643 661 652 658 663 670 675 679 690
946 937 904 887 876 867 877 889 880 867 876 869 859 851 843 835 825 822 820 820 812 803 792 780 766 747 734 724 725 734 736 720 706 695 687 692 700 692 680 682 673 662 663 683 701 675 673 669 672 707 727 744 747 735 717 730 723 719 736 753 757 745 739 736 734 725 717 709 702 693 684 685 693 687 681 670 656 643 635 629 623 622 623 622 620 619 619 620 634 642 650 658 670 685
935 909 878 843 808 798 796 814 861 852 835 837 834 828 823 815 806 799 795 797 793 784 776 766 754 740 729 719 711 712 717 700 693 684 676 683 680 665 650 643 639 636 634 631 628 628 628 631 639 640 647 655 663 667 676 678 680 686 700 714 730 737 729 722 720 712 702 696 688 680 676 671 675 671 665 655 640 627 620 619 619 619 619 619 619 619 619 619 618 623 635 651 686 716
924 899 848 799 784 776 774 795 835 850 822 805 800 802 799 795 787 780 770 775 781 768 758 750 740 731 722 713 700 696 697 688 676 667 661 662 647 640 638 636 634 631 629 628 628 628 628 627 627 627 627 627 627 627 627 629 640 650 660 672 683 694 700 700 703 696 688 682 677 672 668 664 660 653 646 638 624 619 619 619 619 620 620 620 620 619 619 619 619 619 620 638 664 691
908 884 828 790 768 758 760 786 823 823 806 792 782 773 771 768 763 754 737 746 757 752 739 733 725 718 711 704 696 688 680 671 660 656 648 640 639 637 634 631 629 628 628 628 628 628 628 628 628 628 627 627 627 627 627 626 626 626 625 637 644 652 662 673 684 686 683 676 671 667 660 657 652 645 639 631 622 619 619 619 620 622 627 625 624 622 620 619 619 619 618 625 646 663
863 867 814 774 745 740 732 765 800 809 784 759 754 750 741 713 689 695 700 720 737 740 730 719 713 707 701 696 688 680 672 664 653 643 639 637 635 632 630 629 629 629 629 629 628 628 629 629 630 630 629 629 629 628 628 628 627 627 627 626 626 625 629 645 660 671 674 671 666 662 657 651 646 640 635 629 623 620 619 619 619 625 633 632 629 627 624 622 620 619 619 619 630 651
823 850 820 780 730 722 714 732 777 802 765 725 716 710 703 664 671 677 683 698 721 725 722 712 700 692 682 675 666 659 650 648 645 640 637 634 631 629 629 629 629 629 629 629 630 630 631 631 632 632 631 631 630 630 629 629 628 628 627 626 626 626 626 626 641 654 664 663 659 653 648 643 638 634 631 627 622 621 620 619 619 626 640 640 636 632 629 624 620 619 619 619 618 638
800 811 808 775 739 708 703 695 688 686 674 679 660 658 654 653 656 658 672 687 698 702 702 694 680 668 658 653 646 640 640 639 638 634 631 629 629 629 629 629 629 630 630 631 632 633 634 634 634 633 633 632 632 631 631 630 629 629 628 628 627 626 626 625 625 637 656 654 649 644 640 637 634 631 628 625 622 621 620 619 619 620 640 640 640 636 630 626 621 620 618 619 618 620
748 768 788 781 743 713 695 687 677 667 660 655 651 647 642 641 645 649 654 648 657 677 678 671 660 655 649 642 640 639 638 637 635 631 630 630 630 629 629 630 631 632 633 634 634 635 636 636 637 637 636 635 634 633 633 632 631 631 630 629 628 628 627 626 625 641 648 647 644 640 638 635 633 630 627 624 622 621 620 620 619 619 630 640 640 637 632 627 622 620 619 619 618 618
713 723 744 740 729 705 679 673 667 662 657 652 647 643 639 637 635 633 631 631 631 631 631 645 650 644 640 639 637 636 635 633 631 630 630 630 630 631 632 633 634 635 635 636 637 638 639 639 639 640 639 638 636 635 634 633 632 631 630 629 628 627 626 625 625 633 641 640 638 636 634 632 630 628 626 624 621 621 621 621 620 619 620 639 640 639 634 629 624 620 619 619 618 618
709 700 700 699 691 680 674 667 661 655 651 645 640 638 636 634 632 632 632 632 631 632 632 632 632 631 634 634 633 633 633 630 630 630 633 638 640 641 642 643 644 646 646 647 648 649 652 650 645 648 644 641 639 637 636 635 633 632 630 629 627 626 625 625 625 632 637 635 634 633 631 630 628 626 625 623 621 621 621 621 621 620 620 629 640 640 637 633 627 622 620 619 618 618
710 699 691 683 679 673 667 660 655 648 642 639 637 635 633 632 632 631 631 631 632 632 631 632 632 631 631 631 631 631 631 630 634 641 650 659 662 664 666 668 671 671 671 671 671 669 668 665 662 658 654 650 647 642 639 637 635 633 631 629 627 625 625 624 624 629 633 632 631 630 628 627 626 625 624 623 621 621 621 621 620 620 620 620 635 640 640 636 631 627 622 619 618 618
712 699 689 679 673 667 660 655 650 643 639 637 635 633 632 632 632 632 633 633 634 633 632 631 632 631 631 631 631 631 637 643 650 656 665 673 681 684 688 690 693 697 695 691 689 687 685 682 680 676 671 664 660 655 651 646 644 639 635 630 626 625 624 624 624 627 629 628 628 627 626 625 624 624 623 622 621 621 621 620 620 620 620 620 629 641 644 638 634 630 625 621 619 618
716 704 693 682 670 659 654 649 644 640 637 635 632 632 632 632 633 634 634 635 636 636 636 635 635 634 633 636 640 649 660 666 672 677 683 692 701 704 708 712 716 715 714 713 714 712 708 705 701 696 690 684 679 671 663 656 656 649 643 636 631 626 624 624 623 623 624 624 623 623 623 622 622 622 622 622 621 621 621 621 621 622 625 632 638 653 651 640 636 632 628 624 620 618
715 700 685 673 660 655 650 645 640 638 635 632 632 632 632 633 634 635 635 636 637 637 637 637 638 639 645 652 661 668 674 679 686 693 705 720 730 732 735 735 737 734 732 730 731 727 725 721 718 712 707 703 696 687 678 670 667 662 656 648 639 636 632 627 624 624 623 623 623 623 623 622 622 623 623 624 626 628 629 631 633 635 638 641 652 661 660 643 637 634 631 627 624 620
712 698 683 671 660 654 648 642 638 635 633 633 633 632 633 634 635 636 637 638 641 643 648 654 658 665 677 679 682 685 687 690 697 716 733 755 756 757 757 758 760 758 754 751 748 745 741 738 731 725 719 713 708 703 695 686 678 673 666 660 655 648 640 639 637 635 633 633 631 632 633 634 635 636 637 639 639 642 644 646 650 654 658 662 667 670 664 649 638 635 632 629 626 623
710 695 683 669 658 650 643 638 633 633 633 633 634 636 638 639 642 647 651 656 662 673 683 691 698 703 709 709 706 706 705 704 718 736 752 771 778 780 781 785 783 781 779 775 771 767 763 760 750 740 733 727 719 714 709 705 699 688 678 674 670 673 664 659 656 654 649 647 646 648 649 650 652 654 655 656 658 657 664 662 670 679 686 686 687 685 673 658 647 639 636 633 630 627
718 693 678 665 653 643 637 633 633 633 633 635 637 639 642 647 651 655 659 671 683 693 701 709 717 723 727 729 732 735 735 740 749 761 771 783 795 806 806 808 805 802 797 795 792 789 783 777 769 760 753 745 736 729 721 715 706 700 694 689 683 682 681 680 676 672 669 667 670 673 673 670 669 671 674 675 677 678 680 682 692 700 710 711 707 698 687 674 659 652 645 638 632 626
711 690 676 664 652 640 635 633 633 633 634 636 639 642 647 652 656 664 674 685 694 705 716 724 731 738 747 753 758 763 769 777 785 794 802 811 820 823 827 829 829 824 818 817 817 811 804 797 787 777 769 760 752 741 735 729 723 719 715 712 709 704 701 698 698 695 691 692 694 694 692 691 690 695 699 701 700 700 698 706 715 723 732 729 723 714 703 690 678 671 664 654 642 632
