app/alps_03.asc
ncols        234
nrows        188
xllcorner    9.637638888889
yllcorner    46.142916666667
cellsize     0.000277777778
NODATA_value -9999
[rows 0 to 41 of 188, columns 0 to 93 of 234]
1277 1300 1314 1329 1344 1358 1368 1381 1393 1411 1428 1443 1458 1472 1487 1503 1520 1534 1550 1562 1569 1580 1583 1584 1586 1589 1588 1580 1563 1550 1539 1527 1514 1500 1485 1470 1455 1441 1426 1408 1396 1387 1378 1368 1359 1350 1340 1331 1322 1313 1303 1291 1278 1266 1254 1241 1231 1219 1207 1196 1184 1175 1163 1154 1143 1129 1119 1117 1120 1124 1126 1128 1126 1120 1100 1083 1073 1063 1054 1046 1034 1024 1015 999 992 982 972 960 954 954 957 965 977 991
1290 1308 1322 1341 1355 1369 1383 1393 1405 1426 1442 1457 1470 1485 1503 1520 1534 1549 1562 1571 1580 1580 1581 1582 1582 1581 1573 1559 1546 1536 1523 1512 1500 1487 1473 1456 1446 1429 1415 1400 1392 1383 1374 1365 1357 1348 1339 1330 1320 1311 1302 1288 1272 1256 1240 1224 1204 1198 1185 1175 1164 1158 1151 1143 1134 1123 1110 1098 1097 1100 1104 1108 1108 1100 1080 1072 1059 1050 1036 1028 1018 1003 995 986 975 966 955 946 940 940 950 957 970 984
1307 1320 1340 1353 1366 1380 1391 1403 1426 1444 1460 1469 1485 1500 1514 1530 1545 1556 1565 1571 1578 1580 1578 1574 1572 1565 1556 1542 1527 1515 1504 1493 1483 1469 1457 1444 1432 1420 1408 1397 1386 1376 1366 1356 1345 1334 1327 1317 1308 1302 1285 1267 1255 1242 1223 1207 1191 1176 1160 1155 1150 1145 1140 1129 1118 1107 1096 1087 1080 1080 1080 1080 1077 1072 1065 1057 1043 1034 1024 1009 998 990 982 965 955 947 939 934 930 935 942 953 965 981
1340 1348 1357 1369 1382 1393 1410 1426 1446 1462 1473 1489 1500 1514 1528 1541 1551 1560 1561 1562 1563 1560 1558 1553 1545 1537 1527 1520 1510 1495 1485 1474 1463 1452 1443 1432 1422 1411 1400 1383 1370 1353 1336 1319 1300 1293 1285 1276 1269 1258 1248 1240 1230 1221 1212 1202 1188 1173 1159 1150 1140 1131 1120 1112 1100 1092 1082 1072 1059 1057 1057 1058 1060 1054 1046 1039 1031 1022 1000 989 980 960 956 948 940 933 926 920 919 924 936 949 960 974
1370 1380 1385 1394 1404 1418 1433 1446 1462 1477 1490 1507 1520 1532 1540 1546 1551 1556 1554 1550 1546 1542 1538 1535 1527 1520 1509 1498 1488 1479 1469 1458 1447 1437 1426 1418 1408 1394 1378 1363 1347 1331 1317 1299 1293 1283 1274 1266 1258 1249 1242 1234 1225 1217 1209 1200 1186 1172 1158 1147 1135 1123 1107 1094 1086 1077 1063 1056 1049 1040 1037 1036 1040 1036 1031 1026 1016 998 984 960 954 946 940 931 920 918 910 905 914 925 937 947 959 973
1406 1416 1420 1430 1440 1446 1456 1468 1480 1502 1512 1524 1534 1540 1541 1541 1541 1540 1537 1532 1527 1523 1517 1515 1507 1498 1489 1479 1469 1459 1452 1441 1431 1421 1411 1400 1387 1376 1359 1344 1333 1316 1300 1293 1284 1276 1267 1259 1250 1241 1232 1223 1217 1208 1198 1189 1177 1166 1156 1144 1136 1123 1098 1083 1070 1060 1053 1047 1040 1028 1018 1013 1012 1011 1008 1003 996 980 962 952 942 934 920 912 904 899 900 900 912 927 941 952 965 980
1441 1448 1454 1460 1465 1468 1475 1489 1507 1522 1532 1540 1540 1540 1537 1533 1526 1520 1514 1506 1500 1495 1493 1484 1476 1473 1464 1456 1447 1438 1430 1421 1413 1406 1393 1383 1367 1354 1341 1327 1316 1302 1291 1280 1269 1258 1251 1240 1230 1220 1210 1200 1194 1188 1179 1168 1160 1150 1142 1134 1127 1114 1096 1084 1070 1056 1044 1032 1020 1015 1008 1002 993 987 984 980 976 963 950 939 928 917 900 895 890 891 896 903 920 931 944 958 973 985
1444 1449 1454 1460 1466 1473 1480 1500 1520 1527 1531 1535 1533 1530 1526 1520 1510 1500 1493 1485 1479 1472 1464 1457 1449 1442 1434 1426 1421 1414 1405 1400 1388 1378 1368 1360 1349 1338 1326 1315 1304 1292 1280 1269 1257 1244 1232 1220 1210 1199 1189 1182 1174 1164 1157 1149 1143 1135 1128 1120 1107 1096 1087 1078 1060 1050 1038 1027 1017 1009 1000 989 982 960 959 954 950 945 938 925 912 899 890 880 879 879 893 905 918 934 947 960 975 983
1425 1437 1443 1448 1454 1460 1480 1512 1520 1522 1523 1522 1515 1500 1500 1495 1487 1479 1471 1464 1456 1448 1440 1435 1427 1418 1410 1404 1395 1391 1382 1373 1365 1356 1347 1339 1333 1325 1317 1308 1300 1285 1271 1259 1245 1231 1215 1203 1191 1181 1172 1164 1156 1148 1140 1133 1125 1116 1110 1099 1093 1086 1077 1063 1052 1040 1030 1019 1010 999 991 984 965 955 944 940 936 927 920 907 893 880 874 867 865 873 890 908 917 931 945 955 967 975
1404 1412 1418 1433 1444 1456 1477 1506 1520 1521 1518 1508 1496 1488 1479 1470 1462 1453 1450 1442 1434 1424 1420 1414 1409 1402 1392 1383 1374 1366 1357 1352 1343 1334 1326 1322 1318 1313 1308 1303 1292 1277 1258 1245 1227 1211 1198 1188 1178 1168 1159 1150 1144 1133 1123 1114 1105 1097 1092 1087 1080 1070 1058 1050 1040 1029 1020 1010 999 993 988 981 967 951 935 920 906 900 893 886 880 872 862 855 857 870 887 905 914 925 937 947 957 958
1388 1397 1405 1418 1434 1453 1475 1504 1519 1512 1503 1492 1483 1473 1463 1453 1443 1431 1423 1413 1403 1395 1389 1382 1376 1369 1367 1359 1352 1343 1336 1328 1320 1313 1307 1300 1305 1303 1301 1291 1275 1262 1248 1235 1220 1206 1192 1179 1166 1156 1149 1142 1132 1120 1108 1098 1091 1084 1076 1070 1060 1053 1047 1038 1029 1019 1007 996 989 985 979 973 966 957 940 924 900 890 880 870 862 854 849 841 850 860 875 891 904 916 927 936 944 943
1370 1384 1394 1411 1432 1454 1480 1502 1508 1502 1492 1478 1463 1450 1447 1436 1426 1416 1406 1397 1388 1380 1374 1366 1357 1348 1340 1336 1331 1326 1319 1313 1306 1296 1288 1286 1283 1274 1266 1257 1248 1239 1231 1222 1213 1204 1192 1179 1166 1155 1145 1133 1120 1109 1097 1090 1079 1066 1059 1053 1048 1042 1035 1028 1018 1006 996 987 979 973 968 963 958 951 942 932 917 896 882 868 856 845 835 825 835 849 862 877 890 902 911 920 927 922
1358 1374 1390 1407 1433 1456 1480 1498 1492 1486 1472 1455 1439 1425 1410 1398 1390 1383 1375 1367 1359 1351 1343 1335 1331 1323 1315 1313 1319 1314 1311 1306 1300 1286 1271 1265 1257 1254 1246 1238 1232 1224 1216 1209 1200 1192 1182 1171 1160 1152 1144 1132 1115 1100 1092 1084 1072 1059 1048 1039 1034 1028 1022 1011 999 993 985 977 970 962 954 948 940 942 941 930 917 903 889 874 858 844 827 820 820 838 851 863 875 888 900 904 898 895
1349 1368 1386 1400 1440 1455 1481 1485 1473 1459 1445 1436 1423 1409 1396 1386 1376 1366 1359 1349 1340 1330 1320 1311 1300 1297 1293 1292 1300 1302 1302 1301 1288 1271 1255 1244 1238 1232 1226 1220 1216 1210 1204 1196 1184 1170 1164 1158 1151 1147 1142 1131 1118 1103 1092 1083 1071 1060 1047 1034 1020 1011 1002 992 982 976 969 964 960 953 946 938 923 926 928 926 920 903 889 874 860 845 829 820 817 825 840 851 862 875 883 882 876 875
1345 1365 1387 1405 1433 1452 1468 1471 1457 1447 1435 1419 1406 1396 1385 1374 1363 1352 1340 1329 1319 1310 1300 1291 1283 1275 1268 1268 1277 1280 1280 1270 1257 1245 1233 1227 1220 1214 1207 1200 1196 1189 1183 1173 1165 1158 1152 1146 1143 1139 1134 1128 1122 1107 1094 1085 1076 1066 1056 1040 1025 1009 994 979 970 963 958 953 949 945 940 928 915 904 907 908 913 905 890 875 860 845 826 817 811 818 831 843 852 861 862 860 859 862
1345 1365 1386 1405 1426 1446 1463 1458 1450 1440 1420 1406 1392 1379 1365 1354 1338 1327 1311 1298 1291 1283 1275 1269 1262 1254 1247 1246 1250 1256 1256 1247 1236 1226 1216 1207 1202 1194 1186 1176 1168 1160 1158 1157 1152 1146 1140 1137 1133 1129 1126 1123 1120 1109 1097 1090 1082 1071 1063 1048 1029 1013 995 980 960 953 946 940 935 929 923 919 910 900 896 896 903 899 887 876 858 840 824 807 799 800 818 830 842 848 849 847 853 858
1350 1369 1392 1414 1436 1452 1462 1451 1436 1423 1410 1398 1380 1368 1350 1336 1321 1306 1297 1288 1279 1270 1261 1251 1245 1236 1226 1222 1223 1228 1228 1224 1214 1206 1198 1188 1179 1170 1162 1158 1155 1151 1147 1143 1140 1133 1128 1120 1118 1115 1111 1107 1105 1100 1096 1089 1083 1075 1066 1054 1038 1023 1000 986 970 955 940 929 918 913 906 900 896 890 884 876 884 885 883 873 857 840 824 804 795 788 800 817 826 833 837 836 842 853
1358 1380 1404 1425 1445 1460 1460 1440 1415 1395 1379 1363 1356 1342 1329 1315 1300 1290 1279 1271 1261 1250 1240 1229 1219 1209 1200 1198 1203 1204 1203 1197 1191 1185 1180 1174 1167 1160 1153 1145 1139 1136 1131 1126 1122 1117 1110 1105 1100 1097 1095 1091 1089 1086 1084 1082 1077 1070 1064 1054 1043 1027 1005 990 978 963 949 935 920 900 894 885 878 872 866 862 863 867 869 864 855 840 824 807 790 780 786 801 807 815 821 829 840 851
1385 1396 1414 1438 1445 1453 1442 1420 1400 1384 1368 1349 1336 1320 1307 1294 1282 1270 1258 1247 1235 1225 1214 1202 1195 1189 1181 1175 1173 1177 1179 1174 1169 1164 1160 1158 1152 1146 1138 1125 1119 1115 1113 1108 1102 1097 1088 1079 1075 1074 1070 1068 1066 1063 1060 1058 1058 1058 1053 1048 1043 1032 1018 1003 984 968 957 940 928 915 897 880 869 859 854 847 842 846 849 851 848 840 824 810 795 778 775 784 792 798 813 826 837 847
1395 1412 1425 1440 1441 1442 1424 1407 1387 1369 1348 1323 1306 1295 1284 1274 1263 1254 1243 1232 1222 1211 1197 1185 1177 1167 1160 1157 1155 1153 1152 1150 1147 1145 1143 1141 1138 1127 1115 1105 1098 1095 1091 1084 1080 1073 1066 1060 1057 1055 1052 1049 1049 1046 1045 1043 1044 1044 1045 1043 1041 1032 1022 1010 1000 978 964 950 936 924 909 890 872 857 840 833 825 827 829 831 837 832 824 810 788 771 765 771 778 792 808 820 832 843
1400 1409 1418 1426 1431 1424 1414 1395 1372 1350 1327 1300 1293 1282 1271 1258 1249 1238 1228 1217 1206 1195 1181 1168 1157 1151 1144 1140 1137 1135 1132 1130 1131 1128 1125 1122 1113 1100 1093 1083 1078 1072 1067 1064 1059 1053 1048 1043 1038 1036 1032 1031 1030 1031 1029 1028 1029 1031 1032 1029 1029 1025 1022 1015 1007 997 977 960 943 931 920 900 881 865 848 829 819 815 810 808 813 820 818 806 788 760 759 760 768 788 805 815 826 839
1382 1395 1404 1410 1416 1410 1396 1378 1356 1332 1309 1290 1279 1266 1253 1240 1227 1214 1204 1194 1185 1173 1160 1151 1144 1136 1127 1117 1104 1105 1107 1108 1109 1111 1106 1104 1089 1078 1073 1067 1060 1054 1047 1045 1040 1037 1032 1025 1022 1017 1013 1013 1014 1015 1015 1018 1019 1019 1020 1020 1020 1020 1015 1012 1007 1001 988 972 954 940 924 908 891 873 856 838 818 803 796 794 797 800 806 800 780 760 758 759 766 783 800 810 820 833
1366 1379 1391 1401 1402 1395 1376 1360 1338 1310 1290 1272 1254 1235 1217 1200 1196 1190 1183 1177 1170 1163 1155 1143 1127 1117 1110 1103 1080 1079 1080 1083 1088 1091 1090 1080 1071 1060 1057 1051 1046 1040 1030 1028 1023 1020 1013 1004 999 999 995 995 994 994 993 995 997 1000 1005 1009 1007 1005 1002 1000 998 993 987 979 963 948 932 911 894 877 860 845 826 810 793 780 780 781 788 785 772 757 752 756 763 779 790 803 813 820
1348 1363 1380 1391 1388 1375 1364 1341 1314 1293 1273 1255 1236 1218 1200 1187 1174 1163 1159 1155 1152 1148 1144 1140 1124 1108 1100 1092 1080 1068 1058 1060 1063 1067 1070 1065 1060 1048 1039 1033 1027 1020 1012 1006 1003 998 993 985 979 972 970 970 970 973 974 980 983 988 993 999 997 995 992 989 987 984 983 975 960 948 934 918 900 881 866 852 837 820 804 780 764 764 766 770 765 752 739 748 759 769 782 792 802 810
1336 1360 1372 1382 1379 1367 1355 1340 1300 1277 1253 1235 1218 1200 1187 1172 1158 1147 1140 1140 1140 1142 1137 1128 1117 1100 1080 1066 1062 1056 1045 1036 1042 1045 1046 1047 1040 1030 1020 1011 1004 1000 993 987 983 977 969 964 957 951 950 952 954 956 959 964 970 976 982 987 985 984 980 977 975 969 964 960 952 945 933 918 905 889 873 860 846 830 814 794 765 759 758 756 749 740 737 740 746 760 770 780 789 800
1330 1349 1365 1375 1368 1359 1342 1314 1285 1260 1235 1216 1200 1186 1174 1160 1148 1135 1120 1120 1120 1120 1120 1110 1100 1084 1067 1054 1043 1040 1026 1015 1018 1020 1023 1020 1015 1000 997 991 986 980 975 969 963 958 952 945 940 936 933 935 937 939 943 951 956 962 969 975 972 968 965 962 960 958 953 948 944 937 925 915 906 894 878 863 850 835 820 801 780 759 752 745 742 733 729 734 738 748 760 770 781 789
1331 1348 1361 1368 1361 1347 1320 1300 1270 1245 1220 1200 1187 1172 1159 1149 1138 1125 1110 1099 1097 1094 1089 1084 1080 1070 1056 1040 1024 1016 1011 997 998 1000 998 992 986 983 977 972 960 958 954 949 948 943 939 932 925 919 913 916 920 925 932 939 944 951 953 957 956 953 951 948 945 944 940 937 932 926 917 906 897 889 878 865 855 840 826 810 789 769 754 742 729 719 715 720 729 740 752 763 770 780
1332 1347 1360 1361 1350 1336 1318 1287 1253 1220 1207 1181 1170 1159 1150 1140 1129 1117 1100 1082 1072 1064 1063 1062 1056 1048 1034 1018 1008 996 987 977 973 974 977 971 965 958 953 945 940 936 932 928 924 920 917 911 904 897 896 899 904 912 919 926 933 941 942 942 943 940 937 935 931 927 923 920 914 905 897 892 887 882 874 866 855 844 829 814 802 781 765 751 735 714 704 707 717 731 745 758 765 771
1332 1345 1353 1348 1333 1316 1300 1269 1239 1212 1192 1175 1160 1152 1140 1129 1118 1103 1087 1072 1060 1050 1040 1035 1028 1015 1004 998 991 984 973 960 953 951 951 949 943 938 931 924 918 914 911 906 901 900 895 890 888 882 879 884 892 900 906 914 920 927 930 928 926 924 922 920 919 914 907 902 897 892 889 884 878 873 867 861 853 843 829 816 805 789 772 755 740 712 700 701 709 720 741 747 753 760
1330 1342 1346 1339 1320 1304 1282 1255 1228 1214 1196 1176 1158 1147 1134 1119 1107 1092 1077 1062 1049 1039 1026 1008 998 993 986 978 973 964 958 948 939 934 930 926 924 920 915 908 900 895 889 886 880 879 878 877 876 869 865 866 877 885 892 900 904 910 919 917 915 910 906 900 900 898 894 889 885 880 876 874 870 865 861 854 847 839 824 814 805 791 770 754 735 711 698 696 700 713 726 738 743 747
1325 1337 1331 1326 1313 1290 1268 1247 1227 1213 1200 1180 1168 1155 1140 1126 1107 1090 1073 1061 1048 1036 1021 1006 993 980 972 963 956 949 940 933 923 915 909 904 900 897 894 887 880 877 873 869 868 863 862 862 862 858 853 851 858 868 876 882 888 896 900 901 900 898 894 890 886 883 880 876 870 865 860 858 856 852 848 843 834 820 811 803 792 782 768 753 735 712 698 691 696 702 715 724 732 740
1323 1329 1323 1313 1296 1275 1253 1234 1219 1210 1200 1184 1169 1157 1144 1131 1116 1100 1078 1067 1055 1043 1029 1015 1000 984 970 958 947 934 920 913 902 897 892 884 880 875 870 865 860 856 849 846 846 846 844 849 851 847 840 840 846 856 864 870 876 881 886 888 887 885 882 879 874 869 864 859 855 852 848 844 840 835 827 820 812 804 798 791 782 771 760 744 727 712 699 691 691 697 706 717 722 726
1320 1321 1313 1303 1282 1258 1235 1220 1205 1196 1183 1173 1164 1154 1145 1131 1118 1104 1080 1064 1051 1039 1024 1000 992 980 969 958 943 927 905 896 890 884 875 860 858 856 852 848 843 836 829 824 820 820 820 831 835 833 826 826 835 843 851 858 863 866 870 874 874 872 870 867 864 859 854 848 842 836 833 828 822 814 804 798 793 790 785 780 772 760 751 739 724 709 698 690 685 693 702 709 718 721
1316 1309 1303 1280 1255 1237 1218 1203 1187 1172 1160 1153 1145 1134 1120 1110 1103 1090 1080 1065 1054 1044 1030 1015 998 986 974 961 949 934 913 894 878 865 855 847 839 836 832 827 823 814 806 800 800 798 800 817 821 816 806 809 818 829 840 843 845 847 849 852 855 857 858 858 853 848 843 837 831 825 820 809 803 798 793 788 783 777 770 760 753 746 738 723 710 698 691 687 680 689 698 703 708 713
1307 1301 1282 1262 1240 1218 1203 1184 1167 1154 1146 1135 1123 1105 1095 1084 1076 1065 1060 1060 1052 1045 1033 1020 1006 994 983 964 952 940 920 904 880 867 851 835 820 809 799 798 794 790 784 780 779 785 796 805 806 800 793 794 799 809 818 825 831 837 840 842 846 848 848 848 844 838 830 824 816 807 799 794 789 784 780 774 767 760 753 746 737 723 710 700 693 685 677 669 671 682 690 698 701 703
1300 1290 1272 1255 1236 1216 1196 1177 1163 1148 1130 1112 1094 1080 1068 1057 1050 1047 1043 1040 1037 1032 1026 1017 1003 987 972 958 948 938 923 907 888 871 857 840 820 806 785 777 771 764 765 760 766 780 785 791 797 791 783 782 787 793 799 810 820 824 828 832 834 838 834 832 827 822 816 808 800 794 790 783 776 768 759 754 750 744 738 725 713 700 691 684 675 666 656 647 652 670 680 685 687 686
1282 1261 1248 1233 1220 1208 1195 1182 1165 1150 1132 1100 1080 1060 1049 1040 1026 1015 1010 1011 1006 1000 1001 996 985 973 960 949 938 923 908 897 883 874 857 842 822 807 790 767 754 746 745 748 754 760 768 778 784 781 773 770 776 780 785 791 797 803 816 822 820 820 816 811 807 803 798 791 783 776 770 765 757 747 740 734 727 720 715 703 689 674 659 645 637 623 603 615 633 655 665 671 666 660
1260 1237 1220 1208 1197 1189 1180 1167 1155 1139 1123 1099 1080 1062 1044 1026 1006 992 980 976 975 970 964 960 956 953 945 930 912 899 890 884 873 860 850 840 820 807 790 770 751 737 726 731 740 747 753 760 770 765 758 754 752 759 765 774 780 788 794 803 802 800 800 793 789 784 780 775 767 760 753 742 735 729 720 709 700 694 687 680 662 648 630 613 594 580 588 604 629 656 660 661 654 642
1232 1214 1196 1180 1173 1165 1158 1149 1138 1126 1110 1088 1066 1052 1035 1014 994 980 960 954 945 940 936 930 925 920 920 907 894 884 876 866 858 851 843 828 814 802 788 772 754 736 720 715 720 729 741 748 757 754 750 744 738 742 749 754 759 766 772 776 772 775 771 768 763 758 754 753 747 740 733 725 714 698 692 686 682 677 669 656 638 619 604 589 577 580 590 620 644 657 660 661 650 638
1209 1194 1182 1168 1156 1148 1140 1133 1125 1115 1100 1080 1060 1047 1031 1014 1000 985 965 945 927 908 900 896 893 889 886 883 878 867 858 851 843 835 825 814 804 793 780 762 748 735 712 699 700 712 725 737 742 744 742 736 723 727 733 740 746 752 753 752 749 747 742 739 738 735 730 726 720 712 700 695 687 680 675 670 665 662 647 631 611 594 582 564 566 580 603 627 644 655 660 660 646 632
1187 1177 1169 1159 1144 1132 1120 1109 1098 1093 1085 1074 1057 1043 1020 1006 996 983 964 950 936 916 895 879 871 865 863 857 851 844 839 835 829 822 813 800 793 780 767 754 742 720 702 690 686 700 710 720 726 727 731 726 716 705 714 722 728 734 732 732 730 720 716 711 705 705 700 695 690 684 679 675 674 670 666 662 653 644 630 616 601 582 564 556 566 592 614 630 642 649 654 649 640 628
1166 1159 1152 1142 1133 1118 1100 1087 1079 1072 1063 1057 1050 1040 1015 1000 984 967 952 938 923 904 889 872 856 846 838 833 828 823 818 813 811 803 797 788 780 766 755 745 732 715 692 677 672 685 698 704 710 714 718 711 704 697 691 700 707 715 713 709 700 697 691 684 680 677 674 673 670 668 665 662 660 660 654 650 645 639 624 610 592 568 540 552 573 594 612 626 640 643 646 644 630 615
