app/alps_10.asc
ncols        244
nrows        97
xllcorner    9.271805555556
yllcorner    46.789305555556
cellsize     0.000277777778
NODATA_value -9999
[rows 42 to 83 of 97, columns 94 to 187 of 244]
703 688 672 658 648 639 634 634 634 633 635 638 642 648 654 662 670 680 689 700 708 717 725 734 743 752 764 774 783 792 800 804 810 815 821 824 828 832 838 845 847 841 838 834 832 828 823 816 807 797 788 777 766 757 749 746 740 738 735 731 728 725 723 720 718 715 715 720 717 714 713 713 712 712 715 720 721 720 718 726 734 742 750 744 740 728 719 709 700 690 681 670 660 646
695 686 674 657 648 637 634 634 634 633 637 640 649 659 668 677 687 697 704 712 721 731 741 750 759 768 778 789 800 811 820 822 824 825 829 833 837 843 852 860 865 865 865 861 857 846 838 832 826 816 800 794 787 781 773 767 762 759 756 753 749 747 744 739 735 734 738 738 738 737 736 734 733 732 737 740 741 743 745 744 756 764 765 762 755 747 739 731 724 713 702 691 679 667
682 673 663 655 647 637 634 634 634 636 639 646 657 671 683 691 701 710 718 728 741 752 760 768 776 786 797 807 818 821 824 826 829 833 840 845 851 857 864 870 877 880 883 882 878 870 863 854 844 829 818 814 808 803 796 789 783 778 775 772 770 767 765 759 754 754 755 758 760 760 759 758 754 753 755 759 761 764 767 767 780 790 784 776 769 763 754 746 737 728 716 706 695 685
672 662 655 650 644 634 634 634 635 637 642 652 663 675 688 701 712 723 733 745 757 766 775 784 793 803 816 821 824 826 829 834 840 848 858 865 873 880 883 886 890 893 896 897 894 888 881 869 855 846 838 831 824 818 813 809 804 800 797 796 794 792 789 784 778 773 773 776 780 780 777 775 773 773 777 782 789 800 800 796 799 813 805 795 780 776 771 765 756 739 731 723 713 704
663 657 653 648 643 634 634 634 636 639 644 653 662 677 691 703 720 734 748 760 770 780 789 800 814 824 826 828 830 833 837 845 855 866 877 886 893 900 901 902 904 905 907 908 907 903 895 885 875 864 858 854 846 842 840 836 829 828 827 824 821 815 808 803 797 794 796 798 800 805 805 806 807 807 804 808 814 821 823 824 823 824 824 818 811 805 796 787 775 760 746 738 731 724
658 654 650 646 642 634 634 634 637 639 648 657 667 678 693 709 725 744 762 772 786 800 812 823 830 830 829 830 834 838 848 858 869 881 889 900 903 907 909 913 915 916 916 917 918 918 910 905 898 888 880 875 869 864 859 854 849 850 850 847 842 838 829 820 812 810 813 817 818 818 819 823 823 827 832 834 836 840 840 836 833 830 831 830 827 823 818 808 799 787 775 762 755 748
657 653 649 645 640 635 635 634 637 639 647 656 668 683 701 718 731 746 760 775 795 812 828 834 832 830 830 834 839 848 858 870 882 897 899 905 912 920 920 921 922 922 923 924 924 925 924 922 918 913 905 899 893 888 881 877 874 872 874 870 864 859 848 840 832 827 832 836 840 841 843 846 850 852 855 857 855 854 850 845 840 838 836 835 834 833 830 823 817 807 797 789 780 774
658 654 649 644 639 635 635 635 637 639 645 655 669 687 700 723 742 755 768 777 794 807 820 829 829 830 833 838 847 858 869 880 900 903 906 913 920 921 922 924 925 927 928 929 930 931 930 929 927 924 922 918 915 911 908 903 900 900 899 892 887 882 875 862 856 851 854 858 863 867 873 873 872 871 871 871 868 864 861 858 854 847 842 839 838 837 836 835 831 824 816 806 798 790
665 659 651 642 638 635 635 635 636 638 646 656 670 685 699 716 732 743 755 767 778 787 796 811 823 829 835 840 857 869 880 887 894 900 910 918 921 923 925 927 929 930 932 934 936 937 937 937 936 932 930 927 926 921 919 917 915 912 910 906 904 902 898 889 881 880 884 889 897 901 904 900 899 895 892 887 884 881 876 870 865 860 854 847 842 840 839 838 838 837 833 826 820 812
669 665 661 646 639 636 635 635 635 637 644 654 666 682 693 705 718 729 740 751 763 778 789 802 823 830 836 851 866 876 885 891 899 906 914 921 927 933 939 940 941 943 944 945 946 947 949 950 948 945 943 941 939 938 936 934 932 930 928 926 924 922 921 916 912 913 917 920 923 923 921 918 914 908 904 899 895 890 885 880 876 871 866 861 854 847 840 840 840 840 840 838 836 829
675 670 665 657 640 637 635 635 635 637 643 652 663 675 685 697 708 720 733 749 764 780 798 811 822 830 840 856 870 881 888 895 902 909 916 924 932 939 941 944 947 950 953 956 958 961 963 965 964 962 961 960 958 957 955 953 952 950 949 946 945 944 942 940 937 937 935 935 934 931 928 924 921 918 913 909 904 900 895 891 887 883 878 873 866 859 851 842 840 840 840 839 839 840
679 672 665 655 642 638 636 636 636 636 640 651 662 672 682 695 708 721 735 750 764 782 795 811 823 831 842 854 870 882 890 897 905 912 920 927 935 941 946 951 955 960 963 967 970 974 978 980 980 980 980 979 973 970 968 966 961 960 958 957 955 953 952 950 949 948 945 944 942 941 937 933 930 926 922 918 913 908 904 900 895 890 885 880 874 867 860 851 840 840 840 839 839 839
682 674 666 655 640 639 637 636 636 636 638 647 660 669 679 691 704 717 730 744 760 774 789 803 816 827 838 851 863 876 888 900 906 912 918 926 935 943 949 955 961 966 971 976 980 981 982 984 987 991 991 989 986 984 982 981 978 976 973 970 966 964 961 959 956 953 952 950 948 946 943 939 936 932 929 925 922 917 913 908 903 899 894 888 882 875 867 859 851 843 840 840 839 839
683 674 664 653 642 640 638 637 636 636 636 641 658 666 675 686 700 714 726 740 753 768 780 794 809 822 836 848 860 868 877 891 905 913 921 927 934 940 947 953 960 966 973 980 982 984 986 989 1000 1000 1000 1000 998 994 991 994 990 986 983 978 973 968 962 959 958 956 955 953 952 950 946 943 939 936 933 930 926 922 918 914 911 906 903 898 890 883 874 867 859 854 849 845 845 841
680 672 664 653 645 640 639 638 637 636 636 638 648 661 674 685 695 707 720 733 747 760 775 791 807 822 833 848 860 867 873 880 895 912 923 928 934 940 947 954 961 967 973 978 982 986 989 998 1000 1000 1000 1000 1000 1000 1000 1002 1000 995 989 983 977 971 965 960 959 958 957 956 955 954 951 948 945 941 939 936 932 928 925 922 919 914 910 905 900 890 880 873 868 860 858 856 852 846
675 668 661 651 647 643 640 639 638 636 636 636 642 654 668 682 692 703 720 734 748 762 777 793 812 825 835 845 857 864 870 875 882 895 914 927 937 944 950 956 961 968 973 978 982 985 988 996 1000 1002 1003 1004 1005 1006 1007 1006 1003 999 993 986 980 976 973 969 964 961 960 959 958 959 957 954 952 949 947 943 941 939 935 931 928 925 921 915 908 901 892 883 878 875 871 867 863 859
675 669 663 652 648 645 642 640 639 638 636 636 639 648 660 676 692 707 724 738 755 768 783 799 817 829 838 844 850 856 862 869 876 886 900 920 934 944 951 958 962 967 972 977 981 984 987 990 996 1000 1003 1005 1008 1010 1011 1013 1011 1003 997 989 982 979 978 976 975 972 971 970 973 973 971 968 965 961 959 955 951 947 944 940 936 931 928 924 920 910 901 892 880 877 873 870 866 863
687 680 669 657 650 647 644 641 640 638 636 636 637 642 654 667 684 700 720 738 755 769 782 800 817 831 844 858 860 860 857 859 866 881 891 906 925 940 957 962 965 969 972 975 978 981 984 987 990 994 998 1003 1008 1012 1015 1019 1020 1011 1001 993 985 979 977 976 975 975 975 980 980 981 981 980 976 971 966 962 958 954 951 948 944 939 935 931 926 922 915 905 897 891 885 879 873 868
698 689 678 665 654 649 647 645 644 642 637 636 637 639 648 660 675 691 709 727 745 763 775 794 811 827 843 858 865 871 868 861 860 873 887 898 915 931 946 961 963 966 969 971 974 978 981 984 986 989 994 999 1005 1012 1015 1018 1022 1017 1002 992 983 976 972 970 969 970 972 982 985 988 990 991 986 983 978 974 970 966 961 960 959 955 951 948 945 942 935 926 915 903 894 888 881 876
698 690 682 671 659 650 648 646 644 642 638 637 637 637 646 658 674 691 708 726 741 756 771 786 804 818 837 852 867 880 880 880 876 876 881 893 906 923 939 953 961 965 968 980 970 975 979 982 984 987 990 994 998 1003 1010 1014 1014 1008 997 985 977 971 967 962 962 964 971 976 980 988 996 1000 997 994 991 987 984 981 977 972 968 966 964 962 960 953 948 941 929 916 907 898 890 882
703 695 685 677 668 659 649 647 645 642 637 637 637 638 641 654 677 700 715 730 744 758 774 790 805 820 836 852 869 880 884 887 888 891 895 901 907 917 929 943 958 963 967 974 972 976 980 982 984 986 988 990 994 997 1002 1009 1004 997 987 978 970 963 960 958 958 958 958 960 966 974 983 994 996 994 992 990 987 985 982 979 976 973 970 967 964 962 957 948 941 932 922 913 903 895
712 701 692 683 675 666 652 648 645 642 638 637 637 638 639 651 668 693 720 734 749 764 777 790 803 821 836 853 870 886 898 903 909 913 916 920 924 928 932 937 945 960 965 970 974 978 981 983 985 986 988 990 993 996 999 1002 997 987 978 970 963 958 955 952 950 947 944 943 951 959 967 976 982 982 982 982 981 982 982 981 978 974 971 966 963 962 958 954 950 945 941 930 919 909
733 721 708 694 680 669 657 649 645 642 637 637 638 638 640 651 661 682 705 729 750 765 777 789 800 816 831 846 864 880 892 905 920 929 937 942 946 950 951 954 957 958 961 969 976 980 982 984 986 988 990 990 991 992 992 991 986 981 971 961 957 952 950 948 946 943 940 940 940 948 957 965 970 971 971 973 974 974 972 970 967 963 959 956 952 948 945 943 940 936 932 931 925 919
745 730 718 703 686 668 656 650 645 641 637 638 638 638 641 650 659 676 692 715 745 760 771 783 796 809 825 844 855 870 887 902 921 940 953 961 966 971 975 978 978 977 970 972 978 981 984 986 989 990 990 990 991 991 987 983 975 968 960 956 952 950 949 946 944 941 940 940 940 940 946 953 960 962 963 964 963 963 962 960 955 950 945 939 933 929 924 920 918 917 916 914 911 912
740 724 710 695 680 666 656 650 645 639 638 638 638 638 642 650 657 670 686 705 734 757 770 784 797 812 830 845 858 874 891 908 924 938 955 971 982 987 993 998 997 993 988 984 980 980 980 981 987 990 990 990 986 983 977 970 961 956 950 946 941 943 942 941 940 940 940 940 940 940 940 948 954 957 960 959 959 956 953 950 946 944 940 931 923 916 909 900 899 896 894 892 891 889
735 719 702 689 676 663 656 651 644 639 638 639 639 639 645 650 657 668 680 705 727 752 775 791 806 821 838 853 865 880 891 904 921 933 949 967 985 1000 1003 1006 1009 1009 1007 1003 1001 994 988 982 980 980 980 977 974 971 965 960 954 948 941 935 930 928 929 931 933 934 935 936 938 939 948 960 963 963 960 957 955 951 948 945 942 938 932 925 917 908 898 888 880 880 880 880 880 880
722 709 696 683 670 659 655 650 640 639 638 639 639 642 649 656 665 677 696 712 730 747 765 782 800 820 838 850 860 876 889 901 916 931 946 964 980 994 1005 1012 1019 1020 1020 1016 1012 1008 1003 995 984 974 965 958 955 952 949 946 943 940 932 926 919 910 916 923 931 940 940 940 947 955 963 969 975 976 968 960 954 947 940 937 934 930 926 922 912 902 893 884 880 880 880 880 880 880
713 700 689 677 666 658 653 646 639 639 640 639 640 647 655 663 676 691 704 714 726 739 755 772 788 807 827 845 858 872 886 898 914 928 943 959 975 990 1003 1017 1020 1020 1020 1020 1020 1018 1010 1002 991 979 969 959 955 950 946 941 935 927 919 908 900 900 911 925 940 945 951 956 962 972 980 982 982 981 981 968 957 947 939 935 931 927 924 918 907 898 888 880 880 880 880 880 880 880
706 695 685 675 666 658 651 640 640 640 640 639 646 654 661 674 689 700 710 718 729 742 755 770 782 795 817 840 853 868 882 897 910 925 940 954 970 985 1001 1014 1020 1020 1020 1020 1020 1020 1015 1007 999 987 976 965 958 954 950 947 943 937 924 912 900 900 910 922 936 948 960 967 974 981 985 989 987 984 982 975 958 941 938 934 930 926 922 914 904 894 883 880 880 880 880 880 880 880
698 687 677 669 663 655 643 640 640 640 640 645 651 658 671 683 695 703 711 718 728 740 751 762 777 792 809 826 844 860 873 887 903 915 932 947 958 975 992 1009 1020 1020 1020 1021 1021 1021 1021 1013 1004 995 983 972 961 957 953 949 945 941 932 922 911 910 914 921 939 953 967 980 984 988 992 994 990 987 983 974 954 939 935 932 928 924 920 912 903 892 880 880 880 880 880 880 880 880
687 675 664 655 649 642 640 640 640 641 645 650 657 667 676 688 700 706 713 718 726 735 745 756 769 783 800 815 833 847 860 871 888 906 916 940 954 969 984 998 1017 1021 1022 1023 1024 1025 1024 1020 1010 1000 992 983 973 963 957 952 948 943 939 929 920 918 919 932 947 963 980 984 989 993 998 1001 996 989 983 972 954 939 935 931 928 924 919 909 901 890 880 880 880 880 880 880 880 880
677 664 650 646 643 640 640 640 640 646 652 659 667 674 681 690 700 706 712 718 728 737 747 758 769 780 794 806 822 839 852 863 875 895 910 931 950 965 980 994 1011 1021 1023 1024 1026 1030 1027 1024 1021 1013 1004 994 983 975 968 959 954 947 942 933 924 918 923 935 949 964 980 984 988 992 997 999 994 988 982 970 955 939 932 924 918 914 909 905 899 886 880 880 880 880 880 880 880 880
658 649 646 643 640 640 640 640 646 653 660 665 673 682 693 700 705 710 714 719 729 740 751 761 770 779 791 804 817 832 845 856 870 885 901 921 946 963 977 989 1001 1019 1026 1030 1031 1033 1032 1030 1025 1020 1012 1004 997 989 982 973 962 951 941 933 925 918 922 934 947 961 971 980 983 987 989 987 987 985 982 972 957 940 932 923 917 912 908 903 892 880 880 880 880 880 880 880 880 880
648 647 644 642 641 641 641 647 655 663 673 681 688 694 700 704 709 714 718 726 734 743 753 763 771 779 790 800 814 828 841 852 865 880 895 915 937 957 969 981 992 1003 1014 1027 1033 1037 1034 1032 1028 1025 1021 1015 1008 1001 990 979 965 953 943 934 925 918 920 929 939 950 960 966 974 979 978 976 977 978 972 966 956 940 932 925 915 906 896 889 880 880 880 880 880 880 880 880 880 880
646 644 642 641 641 641 648 656 669 682 691 698 702 705 708 710 713 716 721 732 741 749 757 764 771 778 787 796 808 822 834 844 856 873 893 909 926 943 957 968 976 987 997 1007 1017 1027 1031 1031 1030 1028 1025 1021 1014 1005 993 979 965 954 944 935 925 918 920 920 924 932 940 945 949 954 960 962 963 964 962 957 949 940 932 924 914 900 896 891 886 881 880 880 880 880 880 881 883 884
644 642 641 641 641 648 660 674 691 700 700 700 699 700 700 707 713 720 729 738 746 753 761 766 772 777 785 795 805 816 829 840 853 869 888 905 920 932 943 953 963 972 983 994 1003 1012 1021 1031 1030 1030 1026 1022 1012 1000 990 979 965 954 944 933 924 918 920 920 920 924 927 930 932 933 934 936 940 939 937 934 934 930 927 924 917 905 898 894 890 886 882 882 884 886 888 890 891 892
641 641 641 641 650 660 672 681 683 686 688 691 695 698 700 711 722 732 741 748 754 761 764 769 773 778 786 794 803 813 823 834 847 860 881 900 908 915 925 937 948 958 970 980 989 999 1007 1014 1021 1022 1023 1020 1005 995 987 978 963 952 941 930 928 927 924 924 925 926 927 929 930 929 929 928 927 926 926 925 924 923 922 922 921 918 915 907 900 898 896 895 897 899 899 898 897 898
642 641 645 652 660 669 680 682 685 688 691 694 697 701 711 722 732 741 749 758 762 765 769 772 776 780 784 791 801 809 818 828 841 860 880 892 902 908 914 919 934 946 958 966 974 983 989 1000 1002 1003 1006 1006 1002 992 986 977 962 950 938 930 929 930 930 928 928 929 929 933 934 935 935 936 937 937 937 938 940 943 945 943 941 937 933 929 926 921 920 916 914 912 910 908 907 907
652 655 658 663 670 677 682 685 688 691 694 697 701 711 721 729 737 747 757 765 774 780 782 784 787 790 792 796 799 806 815 826 841 858 875 887 897 903 909 914 919 929 942 949 958 965 972 977 981 985 987 990 987 982 981 976 962 948 936 930 929 930 930 929 929 930 934 939 940 939 942 944 947 950 952 954 957 960 962 961 960 957 951 945 941 939 937 935 933 928 926 923 922 919
662 662 664 667 669 672 676 679 683 689 695 704 713 721 729 738 747 756 766 773 781 787 793 797 801 804 807 809 812 815 818 825 841 858 872 884 891 898 903 907 911 916 920 929 938 944 950 954 960 963 966 968 968 970 971 967 958 944 936 930 930 931 933 934 936 938 940 943 946 948 951 954 958 961 966 972 980 980 981 984 984 984 981 974 969 965 960 951 942 939 939 937 936 934
667 667 668 670 672 675 677 681 690 699 706 714 723 733 742 751 760 767 774 786 800 803 807 811 814 818 820 825 831 836 840 842 844 858 867 878 882 886 889 895 902 908 909 913 918 923 930 939 941 944 946 950 953 956 958 961 952 940 937 934 932 933 934 935 936 937 938 940 946 951 956 963 973 980 985 990 994 998 1001 1003 1004 1005 1002 1000 994 988 981 972 961 961 962 963 958 952
670 672 673 675 677 679 683 691 700 706 714 721 732 743 752 761 769 777 789 801 807 812 817 825 836 841 843 846 847 850 852 854 857 859 866 876 881 883 885 888 890 900 900 902 908 912 914 916 919 928 936 941 942 945 946 948 944 940 938 936 935 936 936 937 938 938 939 944 950 956 963 977 991 1000 1004 1008 1012 1017 1020 1025 1031 1033 1032 1029 1025 1021 1008 995 984 989 988 989 984 977
