sample/alps_04.asc
ncols        518
nrows        361
xllcorner    9.037638888889
yllcorner    46.819027777778
cellsize     0.000277777778
NODATA_value -9999
[rows 0 to 37 of 361, columns 336 to 419 of 518]
1866 1863 1860 1856 1852 1848 1843 1838 1833 1829 1826 1822 1816 1809 1802 1798 1792 1786 1780 1772 1765 1759 1752 1746 1740 1735 1731 1727 1722 1718 1713 1708 1703 1696 1688 1680 1674 1669 1663 1655 1647 1640 1634 1627 1619 1608 1599 1593 1588 1583 1578 1569 1564 1560 1559 1558 1558 1556 1551 1546 1542 1535 1528 1520 1514 1507 1500 1495 1490 1485 1480 1477 1471 1465 1459 1454 1449 1444 1439 1433 1428 1423 1418 1414
1854 1850 1847 1845 1841 1837 1833 1829 1826 1822 1815 1808 1803 1796 1790 1784 1780 1776 1772 1768 1765 1759 1752 1744 1739 1734 1729 1724 1719 1715 1710 1705 1702 1696 1690 1685 1679 1672 1665 1659 1653 1647 1641 1632 1623 1611 1599 1587 1578 1572 1564 1557 1550 1543 1540 1539 1540 1540 1537 1532 1527 1520 1513 1504 1497 1492 1487 1482 1478 1476 1472 1469 1460 1456 1450 1443 1438 1435 1430 1425 1422 1419 1413 1407
1845 1843 1841 1838 1832 1828 1822 1817 1812 1806 1801 1795 1790 1784 1778 1773 1770 1766 1763 1760 1757 1754 1748 1743 1737 1732 1726 1721 1716 1712 1707 1701 1697 1693 1688 1684 1679 1673 1668 1662 1656 1650 1644 1635 1622 1608 1595 1584 1572 1560 1557 1551 1546 1540 1529 1520 1521 1523 1520 1517 1512 1507 1503 1497 1492 1487 1483 1479 1474 1470 1466 1461 1455 1447 1438 1435 1430 1426 1421 1417 1411 1407 1402 1397
1830 1827 1824 1820 1816 1813 1808 1803 1798 1793 1788 1782 1778 1774 1771 1767 1763 1758 1754 1749 1744 1740 1739 1734 1729 1724 1719 1715 1710 1706 1700 1696 1691 1686 1681 1677 1673 1668 1663 1658 1652 1646 1640 1629 1618 1605 1594 1582 1570 1560 1556 1551 1546 1542 1519 1506 1504 1506 1501 1499 1496 1493 1489 1486 1484 1480 1476 1472 1469 1464 1460 1453 1449 1443 1436 1428 1420 1416 1412 1407 1402 1398 1393 1390
1819 1817 1813 1809 1805 1802 1796 1791 1784 1779 1775 1771 1767 1763 1760 1756 1752 1748 1744 1740 1734 1728 1722 1719 1719 1715 1710 1706 1702 1697 1691 1685 1680 1676 1672 1669 1665 1660 1656 1650 1645 1639 1630 1622 1613 1600 1592 1581 1569 1559 1553 1547 1540 1531 1520 1502 1487 1488 1485 1483 1480 1479 1476 1474 1471 1469 1466 1464 1460 1455 1450 1444 1439 1431 1424 1417 1410 1404 1400 1395 1389 1385 1380 1376
1806 1806 1804 1801 1796 1790 1785 1780 1776 1773 1769 1766 1763 1759 1755 1750 1746 1742 1739 1734 1729 1724 1717 1710 1704 1700 1701 1696 1692 1686 1680 1675 1669 1665 1660 1657 1653 1650 1646 1642 1637 1630 1624 1615 1605 1595 1587 1577 1566 1555 1543 1534 1525 1517 1510 1502 1479 1467 1465 1467 1468 1470 1466 1463 1459 1455 1452 1448 1445 1441 1437 1430 1424 1417 1409 1400 1394 1388 1383 1379 1375 1371 1367 1362
1794 1794 1792 1788 1784 1780 1777 1773 1770 1766 1763 1759 1754 1749 1745 1741 1737 1732 1727 1722 1717 1712 1707 1701 1697 1693 1689 1682 1676 1670 1666 1660 1655 1649 1644 1640 1637 1634 1630 1627 1623 1621 1615 1608 1602 1594 1585 1576 1565 1550 1536 1526 1517 1509 1502 1491 1479 1465 1452 1450 1460 1460 1456 1454 1450 1445 1441 1440 1434 1428 1422 1417 1412 1406 1399 1393 1386 1379 1372 1366 1361 1357 1352 1347
1782 1780 1778 1775 1772 1769 1766 1761 1758 1754 1750 1746 1741 1736 1730 1729 1725 1721 1717 1713 1708 1703 1698 1695 1690 1686 1679 1671 1664 1657 1652 1645 1640 1635 1629 1625 1620 1618 1614 1610 1606 1603 1597 1593 1587 1582 1574 1565 1557 1548 1535 1519 1505 1497 1491 1485 1475 1460 1448 1436 1440 1446 1441 1439 1436 1432 1429 1425 1422 1417 1411 1405 1400 1393 1388 1382 1375 1368 1360 1355 1351 1346 1340 1333
1768 1765 1762 1759 1756 1753 1750 1748 1746 1743 1739 1733 1727 1720 1719 1719 1714 1711 1706 1701 1698 1694 1690 1687 1682 1678 1671 1665 1656 1646 1636 1630 1624 1620 1617 1613 1607 1602 1598 1594 1589 1586 1585 1580 1574 1567 1560 1550 1539 1527 1515 1505 1493 1480 1476 1469 1461 1450 1440 1427 1421 1427 1429 1428 1425 1421 1416 1409 1402 1398 1392 1386 1380 1375 1369 1363 1358 1353 1349 1344 1339 1333 1326 1318
1755 1753 1751 1749 1747 1746 1744 1742 1739 1734 1729 1723 1719 1715 1712 1708 1705 1701 1695 1689 1683 1680 1675 1671 1667 1664 1659 1651 1644 1636 1630 1624 1618 1613 1610 1605 1600 1593 1588 1580 1577 1571 1570 1566 1561 1554 1545 1531 1517 1511 1505 1496 1479 1469 1460 1451 1444 1437 1426 1412 1401 1404 1409 1414 1412 1408 1403 1399 1391 1384 1377 1371 1365 1359 1354 1350 1344 1339 1334 1328 1324 1319 1313 1307
1746 1744 1742 1740 1737 1733 1730 1727 1724 1720 1717 1712 1708 1703 1700 1695 1691 1686 1683 1678 1673 1667 1662 1658 1654 1650 1646 1643 1637 1629 1621 1616 1610 1604 1599 1593 1588 1583 1577 1570 1565 1559 1553 1548 1543 1534 1512 1500 1495 1490 1485 1479 1463 1452 1442 1437 1430 1424 1418 1404 1390 1382 1384 1389 1396 1396 1391 1386 1380 1373 1365 1358 1353 1347 1342 1338 1333 1328 1322 1316 1311 1306 1300 1295
1742 1741 1740 1736 1732 1728 1724 1721 1716 1711 1706 1700 1697 1693 1689 1685 1682 1676 1671 1665 1660 1656 1652 1647 1643 1639 1634 1629 1624 1619 1612 1607 1601 1596 1590 1583 1577 1571 1564 1557 1551 1543 1535 1525 1509 1497 1490 1484 1477 1472 1465 1458 1447 1439 1429 1420 1412 1409 1403 1395 1382 1369 1363 1372 1381 1379 1377 1371 1366 1360 1355 1348 1341 1335 1329 1323 1318 1315 1309 1304 1300 1295 1288 1281
1733 1730 1727 1724 1721 1718 1713 1707 1701 1699 1694 1689 1685 1682 1678 1673 1667 1662 1658 1653 1648 1643 1640 1636 1631 1627 1623 1618 1612 1607 1599 1597 1590 1585 1579 1572 1564 1557 1551 1544 1538 1530 1522 1502 1493 1485 1478 1471 1465 1458 1449 1442 1430 1418 1408 1400 1395 1390 1385 1381 1369 1356 1343 1347 1361 1363 1362 1358 1353 1347 1342 1334 1324 1317 1312 1306 1300 1295 1291 1287 1282 1278 1274 1270
1720 1721 1720 1716 1711 1707 1703 1698 1693 1688 1683 1678 1674 1670 1666 1662 1657 1654 1649 1645 1640 1635 1631 1626 1620 1616 1611 1605 1599 1594 1590 1585 1580 1574 1567 1560 1550 1540 1537 1533 1526 1516 1503 1493 1485 1476 1467 1457 1451 1443 1433 1423 1416 1409 1402 1396 1390 1385 1378 1370 1360 1344 1328 1326 1337 1344 1345 1342 1339 1333 1327 1321 1314 1304 1298 1294 1289 1284 1279 1276 1271 1268 1264 1260
1710 1710 1707 1705 1702 1699 1695 1689 1684 1679 1674 1670 1665 1660 1657 1653 1648 1643 1637 1633 1627 1620 1616 1610 1606 1600 1597 1593 1589 1584 1580 1575 1570 1564 1558 1549 1540 1533 1525 1519 1511 1503 1494 1485 1476 1467 1456 1445 1437 1426 1418 1410 1404 1399 1393 1387 1380 1375 1369 1363 1353 1343 1324 1308 1311 1320 1325 1320 1317 1314 1309 1303 1298 1293 1288 1283 1278 1274 1270 1266 1260 1257 1252 1249
1700 1698 1695 1693 1690 1688 1684 1681 1677 1672 1667 1662 1656 1651 1646 1640 1634 1629 1622 1616 1611 1607 1600 1597 1593 1589 1585 1580 1577 1573 1570 1566 1562 1554 1546 1538 1532 1526 1517 1506 1495 1485 1477 1469 1462 1453 1442 1432 1422 1414 1407 1399 1390 1387 1384 1379 1372 1366 1359 1349 1339 1332 1325 1304 1289 1291 1295 1302 1303 1300 1297 1289 1282 1277 1273 1269 1264 1260 1257 1253 1249 1244 1240 1238
1686 1687 1685 1684 1683 1681 1680 1674 1666 1659 1655 1651 1646 1643 1637 1630 1622 1615 1607 1600 1597 1594 1592 1589 1586 1583 1580 1575 1571 1567 1563 1558 1552 1545 1538 1528 1517 1507 1498 1489 1476 1463 1458 1452 1446 1439 1432 1424 1415 1402 1391 1379 1371 1368 1365 1360 1358 1351 1343 1333 1322 1316 1310 1303 1287 1270 1265 1271 1278 1283 1284 1280 1273 1264 1259 1257 1253 1250 1246 1243 1239 1234 1229 1224
1668 1670 1673 1673 1672 1669 1666 1663 1660 1652 1644 1640 1638 1631 1625 1617 1608 1600 1595 1591 1586 1581 1577 1574 1570 1567 1563 1562 1559 1552 1546 1540 1536 1530 1523 1513 1505 1493 1478 1467 1456 1444 1438 1436 1432 1428 1423 1419 1411 1400 1386 1371 1360 1348 1340 1337 1336 1336 1327 1320 1315 1310 1306 1301 1291 1271 1253 1244 1252 1265 1267 1262 1257 1252 1246 1240 1238 1235 1232 1229 1226 1222 1220 1215
1649 1652 1654 1656 1659 1659 1658 1654 1650 1646 1641 1635 1629 1623 1613 1602 1595 1587 1580 1573 1566 1560 1556 1552 1548 1546 1542 1542 1539 1533 1527 1520 1515 1510 1506 1496 1484 1471 1458 1449 1439 1427 1420 1417 1415 1414 1411 1406 1401 1394 1384 1371 1358 1345 1331 1318 1313 1308 1303 1300 1297 1294 1290 1286 1280 1267 1248 1231 1237 1248 1249 1244 1239 1236 1233 1231 1228 1226 1223 1220 1216 1212 1207 1202
1636 1639 1640 1642 1644 1645 1645 1644 1641 1637 1631 1624 1617 1607 1600 1591 1582 1575 1570 1563 1556 1548 1542 1536 1530 1524 1523 1522 1522 1518 1511 1504 1497 1489 1479 1470 1460 1454 1445 1434 1419 1405 1399 1399 1401 1402 1400 1394 1389 1383 1375 1364 1351 1339 1329 1321 1305 1293 1284 1284 1286 1284 1278 1270 1263 1253 1238 1220 1223 1232 1235 1232 1229 1226 1223 1221 1219 1216 1213 1210 1207 1204 1200 1193
1620 1620 1619 1622 1625 1629 1633 1634 1633 1629 1623 1614 1600 1594 1586 1578 1571 1562 1555 1549 1543 1536 1529 1521 1517 1513 1509 1506 1503 1499 1493 1487 1479 1470 1459 1451 1442 1433 1423 1410 1399 1391 1382 1378 1383 1388 1387 1383 1379 1371 1364 1349 1335 1325 1315 1304 1297 1289 1282 1266 1269 1268 1263 1258 1247 1236 1224 1214 1209 1220 1221 1219 1218 1215 1214 1212 1209 1207 1205 1203 1200 1195 1189 1183
1604 1605 1602 1601 1605 1608 1614 1620 1622 1620 1613 1606 1595 1579 1569 1564 1559 1552 1545 1538 1531 1522 1515 1506 1500 1496 1492 1487 1484 1480 1473 1465 1455 1445 1436 1426 1418 1412 1405 1397 1388 1381 1372 1361 1365 1371 1374 1370 1366 1361 1350 1335 1319 1309 1300 1293 1287 1280 1273 1262 1245 1244 1242 1238 1231 1223 1212 1200 1196 1203 1209 1211 1210 1209 1208 1206 1204 1203 1201 1196 1190 1183 1179 1172
1583 1584 1583 1580 1579 1584 1592 1600 1604 1606 1597 1589 1580 1565 1551 1543 1539 1535 1529 1524 1517 1509 1501 1492 1483 1478 1475 1471 1467 1462 1458 1448 1439 1430 1420 1415 1409 1402 1393 1383 1374 1368 1360 1344 1344 1350 1353 1350 1346 1342 1334 1316 1302 1293 1285 1278 1272 1266 1263 1260 1250 1237 1220 1217 1213 1208 1204 1197 1183 1193 1202 1202 1201 1203 1202 1201 1198 1192 1188 1181 1177 1172 1167 1162
1561 1565 1568 1566 1564 1572 1582 1586 1587 1587 1583 1574 1559 1548 1534 1528 1524 1520 1513 1506 1499 1492 1484 1476 1470 1463 1458 1453 1448 1443 1438 1431 1422 1416 1410 1404 1397 1389 1380 1375 1367 1359 1348 1330 1320 1329 1330 1330 1325 1317 1307 1297 1289 1279 1271 1263 1258 1254 1249 1244 1239 1232 1225 1215 1202 1195 1190 1188 1180 1175 1186 1192 1194 1195 1192 1187 1184 1180 1175 1170 1166 1160 1155 1149
1545 1550 1553 1552 1554 1557 1564 1569 1567 1564 1558 1552 1546 1537 1526 1511 1506 1500 1493 1487 1480 1474 1467 1461 1455 1450 1444 1439 1433 1427 1420 1413 1405 1400 1396 1392 1387 1380 1374 1366 1358 1349 1339 1320 1302 1305 1310 1310 1306 1298 1289 1280 1273 1266 1258 1252 1246 1239 1233 1228 1223 1218 1214 1210 1207 1203 1192 1181 1172 1164 1171 1182 1184 1187 1184 1180 1176 1171 1166 1161 1157 1153 1149 1144
1529 1533 1537 1540 1539 1539 1545 1544 1543 1540 1536 1533 1528 1522 1511 1499 1491 1484 1477 1469 1462 1457 1451 1445 1440 1436 1432 1427 1423 1417 1409 1402 1395 1389 1384 1379 1374 1370 1365 1359 1350 1341 1332 1320 1299 1289 1289 1289 1289 1283 1277 1271 1265 1260 1253 1246 1239 1234 1229 1224 1219 1215 1212 1208 1204 1200 1193 1186 1180 1160 1155 1163 1168 1172 1176 1171 1166 1161 1156 1152 1147 1142 1136 1130
1520 1523 1525 1528 1527 1528 1529 1524 1520 1519 1519 1515 1508 1500 1493 1485 1475 1462 1455 1450 1446 1441 1436 1431 1426 1420 1417 1414 1410 1406 1401 1394 1387 1380 1374 1368 1363 1359 1354 1348 1343 1335 1327 1315 1297 1280 1269 1267 1263 1260 1260 1258 1254 1250 1244 1239 1234 1229 1224 1219 1216 1211 1207 1202 1197 1192 1187 1182 1170 1157 1149 1151 1160 1162 1164 1162 1157 1152 1145 1139 1133 1126 1119 1115
1497 1503 1508 1515 1509 1503 1496 1498 1498 1497 1498 1498 1493 1486 1480 1471 1463 1452 1440 1434 1430 1425 1420 1415 1411 1406 1402 1400 1397 1392 1387 1382 1376 1370 1364 1358 1352 1349 1345 1341 1336 1330 1324 1314 1302 1289 1273 1257 1244 1240 1239 1239 1241 1240 1235 1231 1226 1220 1216 1212 1208 1203 1199 1195 1191 1187 1183 1175 1165 1151 1140 1137 1142 1145 1147 1145 1139 1134 1128 1123 1115 1108 1100 1095
1481 1486 1491 1496 1493 1489 1484 1482 1482 1482 1481 1483 1480 1474 1466 1458 1450 1441 1432 1422 1416 1410 1403 1399 1395 1391 1388 1385 1383 1381 1378 1373 1368 1363 1357 1348 1340 1336 1332 1328 1323 1318 1312 1305 1296 1287 1278 1263 1250 1236 1221 1218 1220 1222 1222 1219 1215 1212 1208 1204 1199 1195 1190 1180 1182 1179 1173 1165 1158 1146 1138 1132 1128 1130 1131 1127 1123 1117 1111 1105 1098 1090 1081 1081
1461 1466 1470 1475 1475 1472 1469 1467 1463 1464 1462 1464 1466 1463 1456 1448 1440 1432 1424 1416 1408 1399 1392 1385 1379 1375 1376 1374 1372 1369 1367 1364 1362 1357 1347 1338 1330 1322 1316 1312 1307 1303 1296 1286 1278 1269 1263 1253 1242 1231 1223 1209 1198 1198 1199 1203 1200 1198 1194 1191 1186 1182 1175 1168 1162 1164 1161 1155 1146 1138 1131 1124 1120 1116 1111 1107 1104 1099 1094 1089 1084 1080 1078 1077
1445 1448 1451 1451 1449 1445 1447 1443 1440 1437 1438 1441 1449 1449 1445 1442 1434 1426 1417 1409 1400 1387 1381 1378 1375 1370 1366 1364 1362 1361 1359 1354 1349 1344 1338 1331 1324 1313 1301 1295 1288 1282 1275 1267 1259 1252 1245 1238 1232 1224 1217 1205 1194 1188 1186 1184 1184 1180 1176 1172 1167 1164 1159 1153 1148 1151 1146 1141 1133 1124 1119 1115 1113 1110 1106 1102 1099 1094 1089 1084 1079 1077 1074 1070
1427 1428 1431 1430 1430 1428 1424 1422 1421 1420 1417 1415 1421 1429 1435 1430 1423 1416 1407 1398 1388 1378 1368 1362 1360 1356 1352 1347 1344 1340 1340 1335 1333 1330 1326 1321 1311 1299 1288 1276 1263 1260 1255 1250 1244 1239 1232 1225 1217 1209 1201 1194 1188 1180 1174 1172 1168 1164 1160 1155 1150 1145 1140 1137 1134 1137 1132 1125 1119 1116 1112 1107 1103 1103 1102 1098 1094 1090 1086 1081 1077 1073 1070 1065
1408 1410 1409 1408 1407 1408 1407 1400 1398 1398 1398 1396 1404 1412 1420 1416 1409 1402 1396 1391 1385 1376 1363 1349 1340 1340 1336 1332 1327 1323 1321 1318 1314 1310 1307 1302 1294 1284 1273 1260 1251 1243 1239 1237 1229 1222 1215 1209 1203 1197 1190 1183 1178 1172 1168 1162 1159 1154 1149 1144 1138 1132 1128 1122 1118 1117 1112 1110 1104 1100 1099 1098 1097 1099 1097 1093 1089 1085 1081 1077 1073 1069 1065 1060
1392 1392 1390 1388 1386 1391 1387 1380 1381 1382 1384 1382 1390 1401 1405 1402 1396 1391 1385 1380 1374 1367 1359 1348 1333 1320 1316 1312 1309 1307 1304 1302 1300 1295 1290 1285 1280 1270 1260 1251 1242 1229 1219 1220 1215 1210 1205 1199 1193 1187 1180 1173 1167 1160 1158 1155 1151 1146 1142 1137 1133 1127 1122 1117 1113 1108 1104 1100 1098 1096 1094 1092 1090 1092 1090 1087 1084 1081 1077 1074 1071 1067 1063 1060
1385 1376 1371 1370 1372 1374 1368 1364 1364 1368 1366 1365 1375 1383 1386 1384 1380 1374 1368 1362 1358 1353 1347 1341 1332 1320 1306 1294 1287 1286 1284 1283 1281 1277 1273 1269 1265 1260 1252 1244 1236 1227 1216 1200 1204 1201 1195 1188 1181 1176 1168 1160 1157 1154 1150 1146 1143 1140 1137 1132 1128 1124 1120 1115 1110 1105 1100 1097 1094 1091 1088 1085 1082 1083 1082 1080 1079 1077 1074 1071 1067 1063 1060 1058
1394 1385 1374 1362 1354 1355 1352 1349 1348 1348 1342 1346 1356 1364 1370 1367 1364 1360 1355 1349 1344 1337 1331 1324 1317 1310 1300 1290 1274 1267 1265 1265 1264 1264 1260 1256 1251 1246 1242 1236 1230 1223 1211 1198 1188 1184 1182 1176 1169 1163 1156 1151 1145 1140 1137 1135 1132 1131 1128 1126 1123 1119 1115 1111 1107 1103 1099 1095 1090 1086 1082 1080 1078 1077 1075 1074 1072 1071 1069 1068 1064 1060 1058 1056
1397 1389 1381 1371 1359 1345 1337 1334 1329 1326 1320 1332 1343 1350 1350 1346 1344 1345 1343 1336 1330 1323 1317 1310 1302 1294 1288 1281 1273 1263 1247 1245 1247 1248 1245 1242 1238 1234 1229 1225 1220 1213 1206 1198 1190 1182 1169 1160 1155 1150 1145 1140 1137 1135 1132 1130 1127 1124 1122 1119 1116 1112 1109 1106 1102 1099 1095 1091 1088 1085 1080 1079 1077 1075 1073 1071 1068 1066 1064 1062 1060 1059 1056 1054
1405 1395 1386 1375 1360 1349 1335 1321 1313 1309 1305 1304 1315 1328 1328 1329 1330 1332 1330 1326 1323 1318 1307 1298 1293 1287 1280 1273 1265 1257 1248 1238 1231 1232 1231 1228 1224 1220 1214 1210 1205 1199 1193 1187 1181 1171 1160 1155 1151 1145 1140 1135 1131 1128 1126 1123 1120 1119 1115 1112 1109 1107 1104 1102 1099 1096 1092 1088 1084 1080 1078 1076 1074 1072 1070 1067 1065 1063 1061 1059 1057 1054 1052 1051
