sample/alps_04.asc
ncols        518
nrows        361
xllcorner    9.037638888889
yllcorner    46.819027777778
cellsize     0.000277777778
NODATA_value -9999
[rows 304 to 341 of 361, columns 252 to 335 of 518]
1898 1939 1963 1966 1969 1973 1975 1972 1970 1974 1981 1984 1988 1991 1996 2001 2006 2011 2017 2021 2021 2023 2020 2016 2012 2007 2004 1999 1991 1984 1977 1969 1960 1949 1940 1932 1923 1914 1904 1895 1886 1877 1866 1856 1847 1838 1831 1824 1817 1812 1806 1800 1798 1795 1792 1795 1804 1814 1823 1831 1838 1845 1852 1860 1863 1867 1870 1874 1878 1883 1891 1902 1911 1920 1924 1927 1932 1935 1939 1945 1952 1960 1972 1981
1884 1900 1957 1959 1958 1957 1955 1959 1961 1962 1964 1970 1974 1978 1984 1990 1997 2001 2005 2009 2012 2013 2009 2005 2000 1998 1994 1989 1985 1981 1975 1969 1961 1951 1940 1933 1925 1917 1907 1898 1885 1874 1864 1856 1846 1838 1829 1822 1816 1811 1805 1799 1796 1792 1791 1797 1806 1817 1825 1832 1839 1846 1853 1860 1864 1867 1871 1874 1878 1885 1892 1900 1909 1919 1923 1927 1930 1934 1938 1943 1949 1954 1962 1975
1873 1890 1914 1942 1940 1940 1940 1945 1950 1952 1954 1959 1964 1969 1975 1982 1988 1994 2000 2001 2003 2004 1999 1996 1992 1989 1986 1982 1979 1975 1971 1966 1960 1952 1943 1935 1927 1917 1907 1895 1880 1871 1861 1854 1846 1838 1832 1825 1817 1808 1800 1796 1793 1788 1788 1796 1805 1816 1824 1830 1836 1842 1848 1856 1862 1867 1871 1876 1880 1886 1891 1896 1904 1911 1918 1921 1925 1929 1934 1938 1944 1952 1960 1967
1860 1870 1902 1925 1941 1935 1929 1929 1936 1942 1947 1952 1957 1962 1967 1973 1978 1983 1987 1991 1995 1995 1990 1987 1984 1982 1980 1976 1971 1968 1964 1960 1955 1949 1944 1936 1926 1916 1904 1893 1882 1872 1862 1855 1847 1840 1832 1824 1815 1805 1798 1792 1787 1781 1787 1797 1805 1812 1820 1825 1831 1837 1845 1855 1863 1869 1875 1880 1885 1890 1894 1900 1904 1908 1911 1913 1918 1921 1928 1936 1944 1952 1960 1968
1845 1854 1870 1897 1913 1919 1914 1917 1925 1934 1941 1945 1949 1954 1958 1964 1970 1976 1981 1984 1988 1987 1981 1981 1978 1975 1972 1968 1965 1960 1956 1951 1946 1941 1937 1931 1923 1913 1901 1891 1880 1870 1861 1854 1847 1839 1829 1821 1811 1800 1794 1787 1780 1780 1789 1797 1800 1808 1816 1825 1833 1841 1848 1855 1861 1865 1869 1872 1879 1884 1890 1895 1900 1905 1909 1914 1918 1922 1930 1938 1949 1960 1965 1973
1832 1842 1852 1861 1882 1898 1899 1907 1916 1925 1934 1941 1943 1947 1951 1955 1959 1964 1971 1979 1981 1982 1978 1974 1971 1967 1964 1960 1955 1950 1944 1940 1936 1931 1927 1922 1915 1907 1898 1888 1878 1868 1858 1848 1838 1828 1820 1810 1799 1792 1786 1780 1776 1772 1783 1793 1802 1811 1820 1826 1830 1836 1840 1846 1852 1858 1865 1874 1881 1886 1891 1896 1901 1906 1911 1917 1922 1930 1938 1946 1955 1962 1969 1976
1813 1824 1834 1848 1862 1881 1891 1901 1909 1915 1922 1928 1936 1941 1945 1949 1952 1956 1960 1966 1971 1973 1970 1966 1963 1960 1953 1947 1940 1936 1933 1928 1927 1922 1917 1911 1905 1898 1890 1882 1872 1860 1850 1837 1825 1816 1807 1797 1787 1779 1776 1773 1769 1766 1782 1793 1802 1810 1817 1823 1828 1834 1840 1846 1852 1860 1866 1873 1880 1885 1890 1896 1902 1907 1913 1920 1927 1934 1941 1951 1960 1966 1971 1977
1797 1811 1823 1837 1860 1879 1885 1890 1893 1897 1904 1913 1921 1925 1929 1933 1937 1942 1948 1955 1961 1963 1960 1959 1955 1951 1946 1941 1934 1927 1920 1916 1915 1909 1905 1898 1892 1887 1881 1870 1857 1846 1837 1825 1814 1806 1796 1786 1778 1774 1770 1766 1762 1761 1775 1786 1795 1804 1814 1822 1827 1833 1838 1844 1850 1856 1863 1869 1876 1882 1889 1896 1903 1910 1916 1923 1931 1938 1947 1955 1964 1972 1980 1984
1781 1804 1814 1824 1835 1855 1871 1880 1879 1879 1887 1894 1904 1914 1921 1925 1930 1933 1937 1941 1948 1951 1949 1948 1946 1943 1938 1932 1925 1918 1911 1905 1902 1898 1892 1886 1880 1874 1866 1856 1844 1833 1820 1811 1800 1791 1781 1776 1770 1766 1761 1759 1756 1762 1776 1786 1796 1803 1810 1815 1822 1829 1835 1842 1850 1857 1865 1872 1879 1885 1891 1898 1905 1913 1921 1929 1937 1945 1953 1962 1969 1976 1982 1986
1748 1767 1787 1803 1813 1824 1835 1844 1853 1861 1870 1880 1890 1899 1904 1909 1915 1921 1926 1931 1937 1940 1940 1940 1936 1931 1927 1922 1916 1912 1904 1899 1894 1889 1884 1877 1867 1857 1850 1842 1834 1824 1814 1804 1793 1783 1773 1764 1756 1752 1747 1749 1755 1764 1777 1786 1794 1801 1806 1811 1816 1822 1831 1840 1846 1854 1863 1870 1876 1883 1891 1900 1910 1919 1926 1933 1943 1952 1961 1966 1971 1977 1982 1987
1730 1749 1768 1788 1796 1804 1813 1821 1834 1848 1860 1868 1876 1885 1893 1901 1905 1909 1914 1919 1924 1929 1929 1929 1927 1924 1921 1917 1911 1905 1898 1892 1886 1880 1875 1868 1863 1854 1843 1832 1822 1813 1805 1795 1784 1774 1766 1756 1745 1740 1750 1760 1767 1773 1780 1784 1790 1797 1804 1810 1817 1823 1829 1835 1843 1851 1859 1867 1875 1885 1897 1908 1918 1925 1932 1940 1947 1954 1961 1965 1970 1975 1980 1986
1703 1727 1750 1774 1783 1792 1800 1811 1823 1837 1846 1856 1862 1868 1874 1881 1888 1895 1902 1906 1911 1916 1920 1917 1916 1912 1908 1905 1901 1895 1888 1881 1876 1871 1866 1860 1854 1847 1839 1830 1820 1807 1796 1787 1779 1770 1760 1746 1737 1747 1757 1767 1777 1782 1786 1789 1793 1797 1803 1810 1817 1823 1830 1836 1843 1851 1860 1867 1876 1886 1897 1910 1922 1930 1938 1944 1950 1957 1962 1966 1971 1975 1979 1983
1692 1712 1737 1763 1772 1782 1794 1805 1815 1826 1840 1844 1850 1857 1863 1869 1876 1882 1888 1894 1900 1904 1908 1906 1905 1903 1900 1896 1892 1887 1882 1877 1869 1862 1857 1850 1844 1836 1828 1819 1808 1797 1787 1778 1770 1761 1751 1738 1740 1752 1762 1770 1777 1782 1786 1791 1795 1800 1804 1810 1817 1824 1832 1840 1848 1857 1864 1872 1880 1888 1897 1908 1917 1925 1933 1941 1947 1953 1959 1964 1968 1973 1978 1982
1680 1700 1726 1750 1761 1771 1782 1792 1802 1812 1821 1833 1843 1848 1853 1858 1863 1870 1875 1881 1886 1892 1897 1894 1892 1889 1887 1884 1880 1876 1870 1863 1856 1850 1841 1835 1829 1824 1817 1808 1799 1790 1780 1770 1760 1751 1742 1731 1740 1751 1761 1766 1772 1778 1785 1791 1797 1802 1807 1812 1817 1825 1835 1844 1852 1860 1866 1873 1880 1889 1897 1907 1917 1926 1935 1941 1946 1951 1956 1961 1967 1972 1977 1983
1667 1690 1713 1740 1748 1761 1769 1779 1787 1795 1805 1815 1825 1835 1842 1846 1850 1854 1858 1862 1867 1871 1874 1874 1872 1870 1867 1865 1863 1860 1851 1843 1836 1829 1824 1818 1812 1806 1800 1796 1788 1781 1768 1757 1747 1738 1729 1733 1743 1750 1757 1763 1769 1775 1779 1787 1796 1804 1812 1820 1826 1832 1838 1846 1855 1863 1870 1877 1885 1894 1902 1910 1919 1926 1933 1940 1944 1948 1951 1956 1960 1967 1975 1982
1652 1669 1684 1700 1730 1745 1754 1766 1776 1783 1788 1794 1800 1810 1820 1828 1840 1841 1843 1844 1846 1848 1846 1848 1849 1847 1845 1844 1842 1838 1829 1820 1816 1809 1800 1800 1800 1794 1789 1785 1780 1770 1759 1746 1735 1725 1733 1742 1747 1751 1757 1762 1767 1773 1777 1785 1793 1801 1810 1819 1827 1834 1842 1850 1860 1870 1879 1886 1895 1902 1910 1920 1923 1927 1931 1936 1940 1945 1950 1955 1960 1965 1970 1976
1634 1652 1666 1679 1691 1708 1728 1740 1758 1766 1773 1780 1785 1791 1796 1802 1813 1821 1824 1827 1831 1830 1828 1828 1828 1827 1824 1822 1820 1816 1809 1802 1798 1792 1788 1782 1780 1778 1778 1771 1766 1759 1746 1733 1722 1726 1737 1743 1748 1753 1758 1764 1771 1778 1784 1789 1794 1799 1806 1813 1822 1833 1843 1851 1860 1870 1880 1889 1899 1905 1911 1916 1921 1925 1930 1934 1938 1947 1959 1964 1968 1973 1978 1983
1609 1624 1641 1660 1671 1687 1701 1720 1732 1744 1752 1760 1766 1773 1779 1785 1791 1797 1805 1812 1817 1814 1815 1815 1815 1811 1807 1804 1800 1797 1793 1790 1786 1782 1777 1770 1767 1764 1762 1759 1751 1743 1732 1720 1717 1726 1737 1743 1747 1751 1756 1763 1770 1777 1782 1789 1795 1800 1809 1817 1826 1834 1842 1850 1857 1869 1881 1890 1899 1904 1909 1913 1918 1923 1928 1932 1937 1946 1958 1967 1975 1981 1984 1987
1580 1597 1618 1636 1654 1668 1680 1706 1718 1725 1733 1741 1746 1752 1757 1764 1770 1776 1780 1790 1801 1799 1799 1800 1803 1800 1797 1793 1788 1784 1780 1778 1773 1769 1764 1760 1757 1754 1753 1747 1740 1730 1720 1712 1720 1732 1741 1743 1746 1748 1755 1761 1768 1773 1778 1785 1793 1801 1810 1820 1830 1839 1844 1851 1858 1871 1882 1888 1895 1901 1906 1911 1916 1921 1926 1932 1937 1945 1956 1964 1972 1980 1983 1986
1544 1556 1568 1580 1594 1626 1668 1687 1701 1710 1719 1725 1732 1739 1743 1746 1750 1753 1757 1760 1783 1780 1781 1784 1788 1786 1783 1780 1778 1774 1770 1766 1763 1759 1755 1750 1746 1741 1743 1739 1729 1720 1713 1712 1722 1726 1731 1736 1741 1747 1754 1758 1763 1771 1778 1786 1794 1802 1811 1820 1829 1839 1846 1853 1860 1870 1880 1886 1892 1900 1900 1905 1912 1919 1925 1931 1936 1942 1951 1960 1964 1969 1973 1980
1520 1530 1543 1554 1565 1576 1612 1666 1685 1700 1704 1708 1714 1721 1723 1727 1730 1735 1738 1744 1752 1760 1762 1765 1769 1770 1769 1765 1763 1760 1757 1754 1750 1746 1743 1742 1738 1732 1727 1725 1718 1711 1702 1717 1723 1728 1734 1739 1745 1751 1757 1763 1771 1779 1786 1793 1800 1808 1816 1823 1830 1837 1845 1853 1860 1870 1880 1883 1887 1890 1894 1897 1903 1910 1918 1925 1932 1938 1945 1952 1958 1964 1969 1973
1496 1508 1520 1531 1542 1551 1564 1630 1646 1659 1681 1687 1694 1701 1704 1707 1711 1714 1718 1725 1732 1739 1743 1749 1753 1754 1751 1748 1746 1743 1740 1737 1734 1730 1726 1722 1720 1717 1713 1709 1703 1698 1701 1711 1721 1726 1732 1738 1745 1752 1760 1766 1773 1778 1784 1792 1799 1806 1813 1821 1828 1835 1842 1852 1861 1871 1880 1884 1888 1892 1896 1900 1905 1910 1915 1920 1928 1937 1943 1949 1955 1961 1965 1968
1482 1497 1506 1516 1525 1534 1542 1558 1610 1634 1654 1666 1676 1682 1685 1690 1694 1700 1702 1705 1711 1717 1723 1731 1738 1736 1731 1734 1734 1730 1726 1723 1720 1717 1713 1709 1706 1704 1701 1695 1689 1698 1703 1707 1712 1716 1721 1729 1737 1746 1756 1763 1770 1776 1782 1789 1796 1804 1812 1820 1826 1833 1840 1850 1861 1871 1880 1885 1890 1894 1898 1902 1905 1910 1913 1917 1921 1929 1940 1945 1950 1956 1961 1965
1469 1482 1489 1497 1504 1514 1522 1530 1561 1611 1629 1644 1657 1663 1668 1672 1677 1681 1685 1689 1694 1699 1707 1715 1721 1720 1719 1725 1724 1720 1715 1710 1704 1698 1696 1695 1695 1690 1687 1682 1685 1694 1702 1707 1712 1717 1724 1731 1738 1747 1757 1763 1769 1775 1781 1788 1796 1803 1810 1817 1824 1831 1838 1848 1858 1867 1877 1882 1886 1890 1893 1897 1901 1906 1910 1915 1920 1926 1933 1940 1946 1951 1957 1961
1456 1463 1470 1478 1483 1490 1497 1506 1517 1603 1622 1636 1644 1651 1659 1662 1664 1668 1672 1675 1678 1684 1692 1701 1705 1706 1708 1717 1715 1708 1700 1696 1689 1683 1681 1683 1682 1680 1678 1672 1681 1689 1696 1703 1708 1714 1720 1730 1739 1747 1756 1765 1772 1780 1785 1791 1796 1801 1808 1814 1821 1829 1838 1850 1860 1868 1877 1882 1885 1889 1892 1895 1898 1903 1908 1913 1918 1923 1929 1935 1941 1949 1957 1961
1452 1452 1455 1459 1464 1470 1477 1488 1507 1561 1610 1631 1641 1643 1646 1649 1653 1654 1655 1655 1659 1666 1674 1681 1686 1692 1696 1704 1703 1696 1689 1682 1676 1669 1667 1667 1664 1660 1664 1674 1681 1686 1692 1698 1703 1710 1716 1725 1735 1744 1752 1758 1768 1780 1784 1789 1793 1798 1805 1812 1819 1828 1840 1851 1861 1865 1869 1873 1877 1880 1884 1887 1891 1895 1899 1905 1911 1918 1924 1929 1935 1940 1947 1954
1452 1452 1452 1452 1452 1458 1463 1473 1486 1516 1557 1598 1624 1637 1638 1641 1642 1642 1640 1639 1641 1651 1660 1666 1674 1681 1688 1698 1701 1689 1679 1669 1660 1655 1651 1647 1646 1655 1664 1669 1674 1680 1687 1694 1700 1708 1715 1723 1733 1742 1751 1760 1767 1776 1783 1788 1794 1799 1805 1812 1818 1828 1840 1849 1859 1863 1867 1871 1874 1877 1880 1884 1888 1892 1896 1901 1907 1913 1918 1923 1929 1934 1940 1946
1452 1452 1452 1452 1452 1452 1453 1457 1467 1483 1500 1542 1583 1611 1623 1628 1631 1629 1626 1623 1629 1636 1643 1651 1660 1671 1682 1688 1690 1679 1665 1657 1651 1643 1638 1641 1650 1660 1661 1666 1672 1677 1684 1692 1700 1710 1720 1729 1738 1747 1758 1764 1768 1773 1778 1785 1791 1797 1803 1811 1820 1830 1841 1848 1856 1861 1864 1867 1873 1879 1882 1884 1887 1890 1893 1896 1898 1903 1909 1916 1921 1928 1933 1940
1452 1452 1452 1452 1452 1452 1452 1452 1454 1462 1484 1500 1515 1525 1558 1605 1617 1612 1609 1608 1610 1617 1626 1636 1648 1661 1669 1678 1679 1669 1658 1645 1636 1630 1633 1641 1646 1652 1657 1663 1669 1676 1683 1692 1701 1712 1724 1734 1744 1755 1762 1765 1769 1773 1777 1781 1788 1796 1803 1810 1817 1825 1834 1842 1850 1857 1861 1864 1867 1870 1874 1877 1880 1883 1887 1890 1894 1897 1901 1909 1915 1921 1928 1936
1452 1452 1452 1452 1452 1452 1452 1452 1452 1454 1463 1483 1500 1513 1527 1541 1554 1581 1583 1585 1590 1600 1613 1625 1635 1646 1656 1664 1662 1656 1647 1636 1623 1620 1626 1632 1638 1645 1651 1657 1664 1673 1682 1692 1702 1712 1723 1735 1746 1756 1762 1766 1770 1773 1777 1783 1790 1796 1803 1810 1817 1824 1832 1840 1847 1854 1860 1863 1864 1866 1868 1871 1873 1875 1877 1879 1883 1888 1894 1899 1902 1912 1921 1931
1452 1452 1452 1452 1452 1452 1452 1452 1452 1452 1454 1464 1480 1493 1506 1518 1529 1540 1554 1567 1577 1589 1599 1611 1621 1631 1640 1645 1641 1639 1637 1627 1618 1609 1616 1623 1633 1641 1649 1655 1662 1671 1681 1692 1703 1713 1722 1734 1744 1751 1759 1763 1768 1773 1779 1786 1792 1799 1805 1812 1818 1825 1832 1838 1845 1851 1858 1860 1862 1861 1863 1865 1867 1869 1871 1873 1875 1877 1878 1882 1891 1902 1912 1922
1452 1452 1452 1452 1452 1452 1452 1452 1452 1452 1452 1455 1462 1473 1486 1498 1507 1515 1530 1546 1562 1572 1584 1595 1607 1618 1623 1627 1623 1622 1623 1615 1603 1600 1607 1617 1627 1637 1646 1654 1663 1672 1682 1696 1706 1714 1724 1737 1743 1748 1752 1757 1762 1769 1776 1783 1790 1799 1805 1811 1816 1822 1829 1835 1840 1847 1852 1858 1859 1858 1858 1859 1860 1863 1864 1866 1868 1870 1873 1876 1883 1896 1906 1915
1452 1452 1452 1452 1452 1452 1452 1452 1452 1452 1452 1452 1452 1462 1472 1484 1495 1507 1518 1532 1546 1557 1571 1583 1594 1602 1606 1606 1603 1607 1606 1598 1593 1595 1603 1613 1623 1634 1645 1656 1667 1678 1689 1699 1709 1718 1725 1733 1738 1741 1746 1753 1761 1768 1774 1781 1787 1794 1800 1806 1812 1817 1824 1831 1837 1843 1848 1852 1853 1853 1853 1854 1854 1855 1856 1857 1858 1861 1867 1873 1881 1892 1903 1913
1452 1452 1452 1452 1452 1452 1452 1452 1452 1452 1450 1446 1448 1455 1463 1474 1485 1496 1507 1517 1529 1542 1557 1571 1582 1586 1587 1585 1582 1580 1577 1582 1591 1602 1612 1622 1634 1645 1654 1665 1676 1686 1694 1704 1714 1721 1725 1728 1732 1735 1740 1747 1754 1762 1769 1776 1783 1790 1796 1802 1808 1813 1818 1825 1832 1839 1842 1846 1847 1848 1848 1849 1848 1847 1847 1847 1853 1858 1865 1871 1878 1888 1900 1912
1452 1452 1452 1452 1452 1452 1452 1449 1444 1440 1439 1440 1442 1448 1455 1464 1475 1486 1497 1508 1518 1528 1539 1552 1563 1565 1564 1560 1557 1556 1562 1586 1600 1610 1621 1631 1642 1653 1663 1673 1682 1692 1700 1705 1710 1714 1719 1722 1726 1730 1737 1743 1750 1756 1762 1768 1774 1781 1786 1791 1796 1802 1810 1818 1824 1829 1834 1839 1841 1843 1843 1844 1842 1840 1840 1840 1843 1852 1859 1868 1878 1888 1900 1910
1452 1452 1452 1452 1448 1443 1439 1434 1429 1430 1432 1436 1438 1440 1448 1456 1465 1476 1488 1500 1506 1512 1518 1519 1528 1532 1523 1508 1533 1556 1577 1590 1601 1612 1624 1636 1647 1656 1666 1676 1683 1688 1694 1699 1703 1707 1711 1715 1719 1723 1729 1736 1742 1750 1757 1762 1767 1772 1777 1782 1788 1795 1800 1808 1816 1821 1825 1828 1831 1834 1838 1840 1839 1838 1837 1839 1842 1847 1853 1859 1868 1877 1888 1898
1458 1457 1456 1440 1437 1432 1428 1424 1420 1422 1426 1430 1433 1437 1442 1449 1457 1467 1478 1484 1488 1486 1477 1469 1458 1456 1467 1494 1533 1565 1577 1586 1595 1604 1618 1629 1640 1654 1663 1668 1674 1680 1685 1690 1696 1701 1705 1709 1714 1718 1724 1731 1737 1744 1750 1757 1763 1768 1773 1777 1782 1788 1793 1798 1806 1815 1821 1824 1827 1830 1834 1834 1833 1833 1835 1837 1840 1845 1851 1858 1869 1881 1892 1904
1467 1464 1462 1444 1438 1433 1428 1423 1420 1421 1423 1424 1426 1428 1436 1441 1450 1456 1462 1465 1459 1453 1444 1437 1433 1440 1472 1500 1518 1547 1560 1574 1584 1597 1605 1612 1618 1640 1651 1659 1663 1665 1669 1676 1683 1690 1696 1703 1709 1715 1720 1727 1735 1741 1747 1753 1759 1765 1770 1775 1780 1785 1789 1793 1797 1802 1808 1815 1820 1824 1828 1828 1828 1829 1832 1835 1838 1843 1852 1862 1872 1882 1892 1903
