sample/alps_04.asc
ncols        518
nrows        361
xllcorner    9.037638888889
yllcorner    46.819027777778
cellsize     0.000277777778
NODATA_value -9999
[rows 38 to 75 of 361, columns 84 to 167 of 518]
2196 2203 2212 2221 2225 2230 2237 2241 2244 2248 2252 2256 2261 2270 2279 2285 2291 2297 2302 2308 2313 2318 2323 2328 2335 2340 2344 2350 2356 2370 2380 2380 2379 2382 2385 2390 2395 2401 2410 2419 2430 2441 2455 2472 2489 2500 2438 2398 2383 2371 2356 2342 2327 2313 2298 2288 2278 2268 2260 2251 2240 2230 2221 2213 2203 2195 2185 2178 2172 2168 2163 2159 2155 2151 2146 2141 2139 2136 2133 2131 2128 2125 2123 2120
2179 2187 2196 2204 2209 2214 2220 2225 2232 2237 2241 2244 2252 2258 2264 2272 2280 2287 2293 2299 2304 2309 2314 2320 2325 2330 2335 2340 2344 2347 2350 2354 2357 2362 2365 2371 2377 2386 2395 2405 2416 2429 2445 2456 2433 2412 2396 2381 2367 2352 2338 2325 2311 2297 2286 2277 2267 2257 2247 2238 2228 2219 2209 2200 2193 2185 2173 2161 2158 2160 2155 2151 2147 2142 2138 2134 2131 2128 2124 2120 2119 2117 2116 2114
2166 2175 2182 2189 2196 2203 2207 2212 2217 2220 2229 2235 2240 2247 2255 2261 2267 2275 2280 2288 2296 2300 2308 2314 2320 2324 2329 2333 2337 2341 2344 2347 2350 2353 2357 2361 2370 2378 2387 2396 2406 2416 2440 2442 2420 2400 2383 2368 2353 2339 2324 2309 2294 2282 2274 2264 2254 2244 2235 2225 2215 2205 2197 2189 2183 2171 2155 2142 2157 2152 2146 2140 2137 2134 2130 2126 2122 2120 2117 2115 2113 2110 2109 2106
2164 2168 2173 2178 2185 2192 2200 2204 2209 2215 2219 2227 2236 2242 2247 2251 2256 2262 2268 2274 2280 2287 2294 2303 2308 2313 2318 2321 2325 2329 2332 2336 2339 2344 2350 2356 2363 2373 2383 2390 2398 2412 2425 2433 2401 2386 2370 2354 2339 2322 2306 2292 2279 2270 2260 2250 2240 2231 2222 2212 2201 2194 2188 2180 2172 2162 2159 2154 2149 2143 2139 2135 2131 2127 2123 2119 2116 2113 2110 2107 2105 2102 2100 2100
2169 2176 2183 2188 2193 2198 2202 2207 2211 2215 2218 2223 2229 2234 2238 2242 2245 2250 2254 2259 2266 2276 2282 2287 2293 2299 2305 2310 2316 2323 2329 2336 2342 2348 2354 2360 2369 2380 2386 2392 2398 2411 2425 2411 2397 2379 2363 2345 2326 2308 2293 2278 2268 2258 2248 2238 2228 2218 2208 2199 2192 2184 2178 2170 2163 2152 2151 2145 2142 2137 2133 2129 2124 2120 2116 2113 2109 2106 2102 2101 2099 2097 2095 2093
2163 2168 2173 2177 2183 2189 2195 2200 2205 2209 2213 2217 2221 2226 2229 2232 2241 2249 2255 2264 2275 2284 2290 2298 2305 2312 2320 2327 2335 2341 2347 2353 2360 2363 2367 2372 2378 2384 2388 2394 2403 2405 2397 2384 2373 2359 2344 2330 2316 2303 2286 2273 2260 2250 2239 2228 2216 2206 2197 2190 2182 2176 2168 2160 2154 2147 2140 2137 2133 2128 2124 2120 2117 2114 2110 2107 2103 2099 2096 2094 2092 2091 2089 2086
2156 2162 2167 2172 2177 2182 2188 2192 2196 2200 2202 2202 2205 2213 2222 2233 2243 2251 2260 2274 2289 2302 2309 2320 2329 2340 2343 2350 2360 2366 2371 2376 2381 2384 2387 2390 2392 2395 2399 2404 2402 2391 2379 2367 2355 2343 2331 2319 2307 2298 2287 2275 2260 2246 2232 2215 2200 2195 2188 2181 2173 2165 2158 2152 2145 2140 2134 2130 2126 2121 2119 2116 2113 2109 2106 2103 2100 2095 2091 2089 2087 2085 2084 2082
2150 2156 2161 2166 2170 2177 2181 2182 2182 2187 2191 2199 2206 2215 2224 2231 2241 2252 2262 2273 2295 2313 2324 2331 2338 2343 2349 2356 2363 2371 2380 2383 2387 2389 2393 2396 2401 2410 2412 2406 2393 2380 2367 2354 2342 2330 2318 2305 2291 2278 2268 2257 2244 2233 2221 2208 2197 2187 2180 2173 2166 2159 2152 2144 2138 2132 2127 2123 2119 2116 2113 2109 2106 2102 2099 2097 2096 2092 2086 2085 2083 2081 2080 2079
2139 2141 2149 2156 2160 2165 2168 2171 2182 2193 2202 2209 2216 2222 2229 2237 2247 2260 2273 2291 2309 2324 2332 2340 2345 2352 2361 2366 2371 2376 2383 2391 2400 2400 2402 2408 2414 2420 2420 2397 2384 2371 2358 2345 2333 2320 2306 2295 2285 2273 2260 2248 2236 2223 2211 2199 2192 2183 2175 2167 2160 2152 2144 2137 2131 2126 2120 2117 2113 2109 2107 2102 2098 2095 2092 2089 2085 2082 2081 2080 2079 2078 2077 2076
2126 2131 2136 2140 2144 2150 2155 2165 2174 2182 2192 2202 2214 2226 2238 2248 2260 2275 2292 2308 2321 2333 2342 2348 2354 2360 2366 2373 2381 2390 2398 2403 2407 2410 2412 2416 2420 2410 2400 2391 2377 2363 2349 2335 2322 2308 2295 2283 2272 2259 2247 2234 2223 2211 2199 2188 2179 2173 2167 2160 2152 2144 2137 2130 2125 2120 2114 2108 2103 2100 2100 2092 2091 2089 2088 2085 2082 2080 2078 2077 2076 2075 2075 2074
2114 2119 2126 2134 2142 2152 2163 2173 2179 2188 2196 2209 2225 2241 2256 2267 2279 2297 2309 2321 2336 2343 2349 2354 2360 2369 2377 2383 2389 2396 2401 2408 2414 2416 2419 2406 2398 2394 2389 2378 2366 2348 2330 2311 2296 2287 2282 2270 2258 2246 2234 2221 2210 2198 2187 2177 2169 2161 2154 2147 2140 2135 2130 2124 2118 2112 2106 2100 2096 2093 2088 2080 2080 2082 2082 2081 2080 2078 2076 2075 2074 2073 2072 2071
2117 2124 2132 2138 2150 2163 2176 2195 2206 2218 2229 2240 2250 2260 2271 2282 2296 2309 2322 2337 2350 2360 2366 2374 2381 2385 2392 2399 2404 2409 2414 2419 2420 2422 2412 2399 2392 2385 2378 2366 2353 2339 2316 2297 2286 2275 2264 2252 2242 2231 2221 2210 2200 2190 2180 2172 2163 2156 2149 2143 2136 2130 2124 2118 2113 2108 2101 2096 2092 2087 2082 2080 2080 2080 2079 2077 2076 2074 2073 2072 2072 2071 2070 2069
2127 2136 2150 2167 2184 2201 2209 2220 2231 2241 2252 2263 2274 2286 2296 2308 2326 2346 2361 2368 2375 2380 2386 2391 2400 2403 2408 2413 2419 2421 2423 2425 2428 2429 2415 2400 2389 2378 2367 2355 2341 2327 2313 2300 2278 2267 2255 2244 2234 2222 2211 2199 2190 2180 2173 2165 2158 2150 2140 2136 2130 2125 2119 2114 2109 2103 2098 2094 2090 2085 2081 2079 2078 2077 2076 2075 2074 2072 2071 2070 2069 2068 2067 2066
2141 2154 2167 2180 2193 2206 2218 2233 2244 2256 2269 2281 2293 2308 2324 2349 2364 2372 2378 2386 2395 2400 2403 2406 2410 2413 2417 2420 2424 2427 2430 2434 2436 2419 2405 2392 2381 2369 2357 2337 2316 2303 2292 2281 2270 2259 2248 2236 2224 2213 2202 2190 2179 2170 2163 2156 2150 2143 2136 2129 2120 2118 2113 2109 2104 2100 2096 2092 2088 2084 2080 2079 2077 2075 2073 2071 2070 2069 2068 2067 2066 2065 2064 2063
2152 2167 2181 2196 2215 2233 2249 2267 2284 2300 2300 2300 2319 2339 2354 2369 2383 2393 2400 2402 2405 2407 2410 2413 2415 2417 2421 2431 2440 2440 2442 2444 2425 2406 2394 2381 2369 2357 2347 2327 2307 2290 2278 2268 2257 2247 2236 2225 2214 2204 2194 2184 2175 2167 2158 2150 2143 2136 2130 2124 2118 2113 2108 2103 2099 2096 2092 2089 2086 2083 2080 2078 2075 2073 2071 2069 2067 2066 2065 2064 2063 2062 2061 2060
2177 2187 2196 2214 2236 2260 2286 2303 2313 2325 2336 2345 2352 2358 2368 2380 2393 2401 2405 2407 2411 2414 2416 2419 2428 2438 2441 2444 2446 2449 2451 2441 2427 2414 2400 2382 2365 2348 2335 2325 2312 2296 2278 2267 2255 2243 2232 2222 2211 2199 2188 2180 2172 2164 2156 2148 2140 2134 2128 2122 2117 2111 2106 2100 2097 2094 2091 2088 2084 2081 2079 2076 2074 2071 2069 2066 2064 2064 2063 2062 2060 2060 2060 2060
2203 2211 2230 2247 2264 2282 2300 2315 2330 2344 2353 2363 2373 2383 2393 2402 2408 2413 2418 2424 2433 2440 2442 2446 2449 2452 2453 2457 2460 2460 2441 2419 2406 2393 2381 2370 2356 2343 2330 2314 2297 2286 2275 2263 2253 2241 2229 2218 2206 2195 2185 2176 2168 2160 2153 2146 2140 2134 2127 2120 2116 2110 2105 2100 2097 2093 2089 2086 2082 2079 2077 2074 2072 2069 2067 2064 2062 2060 2060 2060 2060 2059 2059 2059
2256 2275 2294 2304 2311 2318 2325 2331 2338 2352 2366 2375 2385 2396 2408 2418 2427 2435 2441 2445 2450 2454 2458 2461 2463 2467 2469 2469 2463 2437 2425 2413 2400 2389 2379 2366 2354 2343 2331 2317 2299 2282 2269 2255 2242 2230 2217 2204 2195 2188 2181 2172 2163 2156 2150 2144 2138 2132 2126 2120 2115 2110 2105 2100 2096 2092 2087 2083 2079 2077 2075 2073 2071 2068 2066 2064 2062 2060 2060 2059 2059 2058 2057 2057
2308 2328 2340 2337 2341 2345 2350 2354 2358 2367 2377 2387 2397 2412 2425 2438 2446 2452 2460 2464 2468 2471 2475 2480 2482 2482 2471 2444 2433 2424 2416 2406 2395 2382 2369 2356 2343 2331 2319 2307 2294 2280 2270 2258 2244 2232 2219 2208 2196 2186 2177 2170 2163 2156 2150 2144 2138 2132 2127 2121 2116 2111 2106 2100 2097 2093 2089 2085 2081 2078 2076 2073 2070 2068 2065 2063 2060 2059 2058 2057 2057 2056 2056 2056
2310 2337 2360 2365 2368 2370 2371 2373 2376 2378 2389 2400 2412 2428 2453 2462 2466 2470 2472 2476 2480 2492 2500 2483 2464 2446 2434 2422 2413 2404 2394 2384 2374 2365 2355 2345 2334 2322 2310 2299 2289 2277 2265 2253 2240 2228 2216 2204 2195 2186 2178 2172 2163 2157 2150 2145 2139 2133 2126 2120 2116 2111 2106 2101 2097 2093 2089 2085 2081 2078 2075 2072 2070 2067 2064 2061 2060 2058 2057 2054 2055 2054 2053 2054
2346 2349 2354 2356 2358 2360 2366 2375 2386 2399 2412 2425 2442 2455 2464 2471 2475 2481 2485 2491 2496 2488 2468 2453 2440 2427 2415 2402 2394 2385 2377 2368 2359 2351 2342 2333 2323 2314 2304 2293 2281 2271 2260 2248 2237 2226 2214 2203 2194 2187 2179 2172 2164 2157 2151 2144 2139 2135 2131 2127 2124 2120 2114 2107 2101 2095 2090 2084 2079 2077 2074 2071 2069 2066 2063 2060 2058 2057 2055 2053 2052 2051 2051 2052
2324 2328 2331 2335 2339 2346 2355 2366 2380 2393 2407 2421 2433 2446 2456 2470 2481 2485 2485 2479 2474 2460 2449 2438 2426 2416 2404 2394 2384 2374 2365 2355 2345 2337 2330 2322 2313 2303 2291 2279 2269 2258 2249 2239 2227 2216 2206 2197 2189 2182 2176 2170 2164 2160 2154 2150 2146 2142 2138 2133 2130 2126 2122 2115 2107 2099 2090 2081 2077 2073 2071 2069 2067 2064 2062 2060 2058 2056 2054 2052 2050 2050 2050 2050
2301 2305 2310 2314 2320 2333 2346 2358 2371 2386 2401 2411 2420 2432 2440 2453 2464 2472 2466 2456 2447 2436 2428 2418 2409 2398 2387 2376 2364 2352 2340 2336 2328 2320 2313 2305 2299 2288 2279 2269 2260 2250 2240 2231 2221 2212 2202 2195 2188 2180 2178 2174 2171 2167 2164 2161 2156 2151 2146 2140 2135 2129 2123 2117 2111 2104 2096 2083 2076 2070 2067 2065 2063 2061 2059 2057 2056 2054 2052 2050 2050 2050 2049 2049
2282 2287 2292 2298 2307 2324 2336 2347 2357 2369 2381 2398 2407 2415 2423 2433 2442 2450 2444 2436 2428 2419 2410 2400 2391 2381 2371 2361 2352 2342 2325 2314 2305 2298 2293 2287 2281 2275 2266 2258 2250 2241 2232 2223 2215 2207 2199 2192 2186 2180 2176 2172 2169 2165 2161 2157 2153 2149 2145 2141 2135 2128 2122 2117 2111 2106 2099 2091 2084 2073 2062 2061 2060 2059 2057 2056 2054 2053 2051 2050 2050 2049 2048 2049
2262 2267 2273 2284 2298 2310 2320 2334 2351 2365 2377 2385 2391 2399 2406 2415 2424 2430 2425 2419 2411 2403 2395 2386 2379 2370 2362 2353 2346 2334 2320 2305 2291 2279 2272 2264 2256 2249 2241 2233 2225 2218 2212 2204 2199 2194 2189 2185 2180 2176 2172 2169 2164 2160 2156 2151 2147 2142 2137 2133 2128 2124 2119 2114 2108 2103 2096 2089 2083 2073 2064 2058 2058 2057 2055 2054 2053 2051 2050 2049 2048 2048 2048 2048
2239 2248 2256 2269 2284 2300 2316 2331 2347 2361 2366 2371 2376 2381 2392 2402 2410 2415 2411 2404 2396 2389 2380 2372 2364 2356 2348 2340 2332 2324 2312 2299 2283 2273 2264 2256 2247 2238 2229 2220 2212 2203 2196 2190 2186 2182 2178 2174 2170 2167 2163 2160 2156 2151 2147 2143 2139 2135 2132 2128 2125 2122 2118 2113 2109 2104 2100 2093 2085 2077 2068 2059 2053 2052 2050 2050 2049 2049 2048 2047 2046 2046 2046 2046
2220 2232 2246 2264 2280 2300 2315 2327 2337 2340 2347 2353 2358 2368 2379 2388 2397 2403 2397 2389 2380 2371 2363 2356 2346 2337 2329 2320 2315 2308 2299 2287 2277 2267 2256 2246 2235 2225 2214 2205 2196 2187 2180 2175 2171 2167 2163 2159 2158 2155 2151 2147 2142 2139 2137 2134 2131 2129 2126 2123 2120 2116 2113 2109 2105 2100 2097 2090 2083 2075 2067 2059 2052 2050 2049 2048 2047 2047 2046 2046 2045 2046 2046 2046
2213 2226 2245 2264 2282 2295 2304 2316 2320 2321 2324 2334 2344 2360 2369 2379 2385 2390 2386 2378 2371 2364 2356 2349 2340 2328 2316 2305 2298 2288 2278 2267 2258 2245 2234 2222 2212 2202 2193 2185 2178 2172 2165 2159 2156 2153 2151 2147 2144 2140 2140 2137 2133 2130 2126 2124 2120 2117 2114 2111 2107 2104 2100 2096 2092 2087 2083 2079 2073 2067 2060 2055 2050 2049 2048 2047 2045 2045 2045 2045 2045 2044 2044 2044
2202 2222 2240 2253 2263 2277 2285 2292 2298 2300 2311 2325 2340 2348 2355 2360 2369 2377 2374 2368 2362 2356 2348 2342 2334 2325 2312 2296 2280 2270 2259 2248 2238 2227 2217 2207 2197 2189 2180 2172 2163 2156 2150 2146 2142 2140 2137 2135 2132 2130 2127 2124 2122 2119 2116 2113 2109 2106 2103 2100 2096 2092 2088 2084 2080 2077 2073 2069 2065 2060 2057 2053 2048 2047 2046 2046 2045 2045 2044 2044 2043 2043 2043 2043
2202 2221 2231 2236 2245 2258 2265 2270 2276 2285 2300 2308 2318 2328 2336 2346 2360 2364 2362 2355 2346 2338 2333 2326 2319 2311 2301 2292 2280 2265 2249 2233 2219 2204 2196 2191 2186 2180 2170 2160 2152 2144 2139 2135 2132 2129 2126 2123 2120 2118 2115 2112 2111 2108 2105 2102 2100 2096 2093 2089 2086 2082 2079 2076 2072 2069 2066 2063 2060 2058 2054 2050 2049 2047 2046 2046 2045 2045 2044 2044 2043 2043 2042 2040
2191 2201 2208 2214 2223 2243 2244 2250 2260 2268 2276 2287 2300 2310 2318 2337 2345 2350 2347 2342 2333 2324 2316 2308 2300 2291 2282 2269 2255 2243 2229 2217 2202 2191 2182 2177 2172 2167 2162 2153 2145 2137 2130 2122 2119 2117 2115 2113 2110 2108 2106 2104 2101 2099 2096 2093 2090 2086 2082 2079 2077 2075 2072 2070 2067 2064 2061 2059 2058 2056 2053 2050 2049 2048 2047 2046 2046 2045 2045 2044 2043 2043 2041 2041
2160 2171 2183 2196 2214 2223 2219 2222 2242 2248 2254 2262 2274 2288 2304 2318 2329 2334 2332 2329 2326 2314 2302 2294 2287 2276 2263 2251 2238 2225 2212 2199 2190 2180 2175 2169 2163 2157 2152 2146 2141 2134 2127 2120 2118 2115 2111 2108 2105 2102 2100 2098 2094 2089 2086 2083 2080 2077 2074 2072 2072 2070 2067 2065 2063 2060 2059 2057 2056 2054 2053 2051 2050 2049 2048 2047 2047 2046 2045 2043 2042 2042 2042 2041
2126 2146 2162 2172 2183 2194 2199 2213 2223 2222 2226 2236 2254 2269 2282 2295 2310 2314 2312 2308 2309 2309 2298 2288 2276 2263 2250 2239 2226 2213 2200 2190 2180 2174 2168 2162 2156 2151 2146 2141 2137 2131 2126 2121 2119 2116 2113 2110 2107 2105 2102 2098 2095 2093 2090 2086 2083 2080 2077 2073 2070 2067 2064 2061 2060 2060 2057 2055 2054 2053 2052 2051 2049 2048 2047 2047 2045 2044 2043 2042 2041 2042 2041 2041
2105 2120 2143 2145 2151 2157 2176 2195 2198 2196 2204 2219 2237 2260 2269 2275 2280 2287 2290 2290 2294 2298 2292 2280 2268 2256 2243 2231 2219 2207 2196 2188 2180 2172 2163 2158 2153 2149 2144 2139 2134 2130 2128 2126 2123 2121 2119 2116 2113 2109 2106 2103 2100 2097 2094 2090 2085 2082 2078 2075 2073 2069 2066 2063 2060 2059 2057 2056 2055 2053 2052 2050 2050 2049 2047 2046 2044 2043 2042 2041 2040 2040 2039 2035
2098 2109 2116 2120 2120 2139 2164 2172 2172 2173 2184 2200 2220 2228 2237 2246 2260 2264 2270 2274 2280 2291 2285 2273 2262 2250 2238 2226 2215 2203 2192 2180 2174 2167 2160 2157 2152 2148 2144 2139 2136 2134 2132 2130 2128 2126 2123 2121 2119 2115 2112 2108 2105 2102 2098 2092 2088 2084 2080 2078 2075 2072 2068 2063 2060 2059 2057 2056 2054 2053 2053 2054 2053 2053 2052 2052 2050 2049 2046 2043 2040 2039 2034 2032
2080 2086 2095 2096 2104 2120 2136 2143 2149 2157 2165 2174 2193 2199 2211 2220 2230 2238 2249 2263 2276 2285 2283 2272 2260 2249 2237 2225 2213 2200 2190 2179 2173 2166 2160 2156 2151 2149 2147 2145 2143 2140 2139 2136 2133 2131 2128 2126 2124 2122 2118 2113 2109 2104 2100 2096 2092 2088 2084 2080 2077 2074 2070 2066 2062 2060 2060 2062 2062 2064 2065 2065 2063 2061 2059 2057 2053 2050 2047 2043 2040 2036 2031 2028
2053 2062 2073 2081 2090 2100 2108 2118 2128 2140 2148 2156 2167 2178 2190 2200 2216 2230 2244 2256 2264 2272 2280 2271 2259 2246 2235 2223 2209 2198 2190 2181 2174 2167 2160 2158 2156 2154 2153 2151 2149 2148 2146 2145 2143 2141 2139 2135 2131 2127 2123 2118 2112 2107 2102 2098 2094 2091 2088 2084 2080 2078 2075 2071 2071 2071 2071 2074 2076 2078 2079 2078 2074 2070 2066 2062 2055 2045 2040 2037 2034 2031 2028 2024
2041 2049 2059 2068 2077 2086 2095 2102 2111 2121 2132 2145 2156 2166 2179 2196 2207 2219 2230 2241 2252 2261 2271 2263 2253 2241 2230 2218 2206 2197 2189 2181 2176 2174 2171 2169 2167 2165 2162 2162 2161 2158 2155 2153 2150 2147 2144 2142 2138 2133 2127 2122 2118 2114 2110 2106 2102 2098 2094 2090 2087 2083 2079 2078 2081 2084 2087 2092 2095 2096 2092 2086 2082 2074 2067 2059 2049 2040 2037 2034 2031 2028 2025 2022
