sample/alps_06.asc
ncols        437
nrows        274
xllcorner    9.825138888890
yllcorner    46.682361111112
cellsize     0.000277777778
NODATA_value -9999
[rows 38 to 75 of 274, columns 0 to 83 of 437]
1975 1964 1952 1939 1929 1920 1908 1896 1883 1871 1858 1848 1839 1829 1820 1811 1803 1792 1779 1768 1757 1747 1740 1734 1729 1724 1719 1715 1710 1706 1701 1699 1696 1694 1691 1689 1691 1696 1702 1708 1714 1722 1735 1745 1754 1764 1775 1787 1797 1813 1827 1840 1851 1860 1871 1884 1895 1906 1918 1925 1930 1935 1941 1953 1972 1989 1998 2005 2012 2020 2029 2038 2048 2058 2066 2074 2082 2092 2100 2106 2112 2118 2125 2134
1988 1977 1965 1953 1942 1928 1916 1904 1891 1879 1869 1859 1850 1840 1831 1822 1811 1799 1788 1776 1764 1755 1749 1742 1736 1729 1723 1718 1713 1708 1703 1700 1698 1695 1693 1692 1689 1693 1698 1704 1711 1718 1729 1741 1751 1761 1777 1789 1800 1812 1823 1836 1847 1858 1868 1878 1890 1903 1913 1922 1929 1936 1945 1956 1966 1976 1990 2003 2010 2018 2026 2033 2043 2061 2069 2077 2085 2094 2101 2107 2113 2119 2127 2134
1998 1988 1977 1964 1953 1940 1927 1912 1898 1888 1878 1869 1861 1852 1840 1830 1819 1808 1796 1785 1774 1764 1756 1749 1741 1733 1726 1719 1715 1712 1709 1704 1701 1699 1697 1696 1694 1693 1692 1696 1703 1713 1726 1740 1751 1762 1776 1785 1792 1799 1812 1827 1837 1850 1863 1874 1887 1901 1911 1920 1928 1935 1944 1954 1965 1977 1989 2001 2011 2020 2026 2032 2037 2053 2067 2077 2085 2092 2098 2105 2112 2120 2126 2132
2000 1992 1984 1973 1963 1948 1934 1921 1913 1903 1893 1880 1872 1864 1853 1841 1829 1818 1807 1794 1782 1772 1763 1754 1744 1737 1730 1724 1719 1716 1712 1709 1706 1703 1700 1698 1696 1695 1693 1697 1708 1720 1730 1739 1749 1759 1768 1777 1786 1796 1807 1820 1833 1847 1861 1871 1882 1897 1908 1920 1933 1945 1955 1964 1972 1980 1990 2001 2011 2020 2026 2031 2036 2042 2048 2056 2065 2075 2084 2099 2109 2120 2126 2132
2000 1993 1986 1980 1969 1957 1942 1932 1924 1913 1900 1888 1876 1866 1854 1841 1831 1820 1808 1796 1788 1781 1776 1767 1756 1744 1737 1732 1725 1720 1717 1713 1710 1707 1704 1701 1699 1696 1694 1696 1705 1717 1726 1735 1744 1754 1764 1774 1785 1797 1807 1818 1830 1843 1860 1868 1876 1890 1903 1916 1930 1943 1955 1965 1972 1979 1989 2000 2010 2021 2026 2031 2037 2043 2051 2059 2065 2071 2077 2087 2098 2109 2120 2129
2004 1997 1990 1983 1971 1958 1948 1937 1926 1914 1900 1891 1881 1869 1858 1847 1834 1821 1815 1810 1805 1800 1789 1777 1766 1754 1740 1736 1732 1728 1724 1720 1716 1712 1708 1704 1700 1698 1695 1697 1704 1714 1723 1731 1740 1750 1761 1772 1785 1798 1807 1816 1828 1841 1855 1865 1873 1883 1895 1910 1924 1940 1945 1951 1957 1962 1974 1984 1995 2009 2023 2030 2037 2044 2052 2061 2067 2072 2078 2085 2093 2101 2108 2116
2011 2005 1998 1988 1976 1962 1951 1941 1932 1920 1912 1902 1891 1880 1868 1853 1841 1837 1831 1826 1820 1812 1802 1788 1775 1763 1754 1747 1741 1735 1731 1726 1721 1717 1712 1707 1702 1699 1697 1696 1701 1709 1717 1725 1734 1743 1755 1767 1777 1789 1801 1812 1824 1837 1849 1861 1867 1873 1879 1898 1912 1924 1931 1938 1944 1952 1959 1971 1982 1997 2020 2029 2039 2045 2050 2055 2060 2065 2072 2078 2088 2099 2107 2115
2020 2013 2007 2000 1989 1978 1967 1954 1940 1933 1924 1914 1900 1886 1874 1865 1858 1852 1847 1841 1832 1822 1811 1799 1785 1772 1759 1754 1748 1742 1736 1730 1724 1718 1714 1710 1706 1702 1699 1696 1698 1704 1711 1720 1732 1744 1754 1765 1781 1793 1805 1814 1824 1836 1847 1856 1866 1876 1886 1896 1905 1913 1922 1929 1935 1943 1954 1964 1975 1990 2005 2016 2022 2029 2035 2041 2048 2053 2058 2065 2074 2084 2098 2111
2023 2017 2011 2006 2000 1988 1976 1966 1956 1946 1934 1923 1914 1900 1890 1880 1869 1859 1852 1845 1836 1821 1809 1796 1787 1779 1769 1760 1753 1746 1740 1732 1725 1719 1715 1712 1708 1705 1701 1698 1698 1704 1712 1721 1736 1750 1763 1774 1785 1795 1804 1814 1823 1832 1842 1855 1865 1874 1884 1894 1902 1910 1917 1924 1930 1937 1947 1960 1972 1983 1991 2001 2007 2014 2021 2028 2036 2043 2050 2057 2066 2077 2088 2098
2029 2021 2016 2011 2006 2000 1987 1975 1964 1954 1944 1933 1923 1911 1898 1883 1872 1862 1852 1840 1831 1819 1816 1806 1798 1786 1776 1768 1759 1752 1743 1734 1727 1720 1717 1713 1709 1706 1703 1699 1700 1707 1714 1722 1740 1751 1761 1770 1780 1790 1800 1808 1817 1827 1836 1845 1857 1869 1881 1889 1900 1905 1911 1916 1922 1933 1945 1960 1968 1977 1986 1996 2004 2013 2021 2028 2036 2043 2050 2055 2063 2074 2084 2093
2033 2028 2023 2017 2011 2006 2000 1986 1974 1964 1954 1944 1933 1922 1905 1888 1874 1864 1852 1841 1837 1833 1828 1821 1814 1805 1794 1784 1772 1759 1750 1740 1733 1725 1720 1716 1712 1707 1703 1700 1705 1710 1716 1724 1738 1751 1763 1773 1783 1793 1801 1805 1810 1815 1820 1834 1850 1863 1874 1884 1889 1895 1900 1908 1916 1926 1936 1950 1963 1976 1987 1997 2006 2016 2023 2030 2036 2043 2050 2057 2064 2072 2080 2090
2036 2031 2028 2024 2018 2012 2005 1998 1985 1974 1963 1950 1935 1920 1904 1891 1878 1865 1858 1853 1849 1845 1840 1830 1820 1812 1803 1795 1786 1777 1764 1747 1738 1733 1722 1717 1713 1710 1707 1703 1706 1710 1715 1721 1736 1750 1761 1771 1781 1795 1802 1808 1813 1818 1827 1836 1847 1859 1869 1878 1884 1890 1896 1905 1915 1926 1937 1950 1962 1975 1984 1993 2001 2007 2013 2019 2028 2038 2047 2057 2065 2072 2080 2089
2043 2038 2032 2027 2021 2012 2003 1992 1979 1967 1956 1942 1929 1916 1904 1893 1885 1878 1874 1869 1864 1859 1848 1837 1826 1816 1806 1797 1788 1778 1761 1761 1754 1744 1736 1729 1722 1715 1710 1704 1707 1711 1715 1721 1732 1743 1755 1767 1780 1790 1800 1806 1813 1819 1828 1838 1850 1861 1868 1876 1883 1891 1898 1907 1919 1929 1939 1950 1963 1971 1979 1985 1993 2000 2006 2014 2020 2032 2042 2051 2060 2071 2084 2097
2035 2031 2028 2023 2017 2000 1992 1982 1967 1955 1946 1937 1927 1918 1914 1906 1900 1895 1888 1883 1874 1864 1854 1847 1839 1827 1814 1804 1795 1783 1782 1777 1764 1754 1746 1735 1723 1717 1711 1706 1708 1712 1716 1720 1729 1737 1749 1763 1774 1785 1795 1803 1809 1816 1824 1834 1844 1854 1862 1869 1876 1886 1900 1912 1923 1931 1940 1948 1956 1964 1972 1980 1986 1993 1998 2007 2017 2027 2037 2048 2058 2072 2085 2095
2033 2029 2025 2022 2015 2004 1990 1977 1967 1960 1954 1949 1945 1939 1933 1926 1920 1909 1900 1891 1883 1874 1866 1859 1848 1839 1828 1819 1812 1806 1798 1780 1772 1762 1754 1746 1736 1722 1717 1713 1709 1709 1713 1718 1725 1734 1744 1756 1769 1780 1792 1802 1809 1817 1824 1832 1840 1849 1857 1867 1874 1883 1895 1906 1915 1923 1933 1940 1949 1957 1965 1972 1980 1989 1996 2004 2014 2024 2034 2044 2055 2068 2083 2091
2039 2033 2025 2018 2011 2005 2000 1995 1987 1982 1978 1972 1966 1957 1949 1939 1930 1920 1909 1899 1893 1887 1878 1871 1861 1849 1838 1827 1818 1811 1805 1795 1785 1775 1766 1756 1746 1736 1721 1718 1715 1712 1711 1714 1718 1726 1738 1752 1768 1781 1791 1800 1804 1808 1812 1817 1821 1833 1846 1856 1867 1878 1888 1897 1906 1914 1925 1937 1949 1959 1964 1970 1975 1981 1990 1999 2010 2021 2029 2037 2047 2060 2071 2080
2058 2040 2036 2032 2028 2023 2018 2014 2007 2002 1996 1987 1979 1969 1959 1946 1934 1923 1916 1909 1902 1894 1885 1873 1861 1849 1839 1833 1827 1820 1810 1799 1789 1779 1772 1765 1754 1742 1730 1720 1718 1715 1712 1714 1717 1723 1739 1753 1772 1783 1790 1797 1802 1806 1811 1816 1822 1832 1844 1855 1865 1873 1879 1888 1898 1908 1918 1933 1944 1952 1959 1965 1973 1982 1988 1995 2002 2012 2024 2038 2048 2056 2067 2074
2059 2056 2053 2048 2044 2041 2037 2032 2027 2022 2010 1996 1985 1973 1962 1951 1940 1931 1922 1913 1904 1893 1883 1874 1866 1858 1851 1845 1839 1833 1825 1818 1805 1791 1779 1771 1761 1752 1743 1730 1719 1716 1713 1715 1718 1724 1737 1752 1770 1783 1789 1795 1801 1807 1812 1817 1824 1832 1841 1855 1863 1870 1876 1885 1895 1906 1916 1927 1941 1948 1955 1962 1968 1975 1981 1988 1994 2003 2018 2027 2035 2043 2055 2068
2071 2067 2066 2064 2062 2057 2052 2046 2039 2028 2015 2000 1989 1978 1969 1958 1947 1936 1926 1915 1907 1903 1900 1888 1878 1868 1858 1851 1842 1835 1829 1824 1815 1800 1792 1785 1777 1764 1752 1740 1731 1722 1717 1716 1717 1719 1734 1748 1760 1776 1785 1793 1800 1805 1812 1819 1826 1832 1839 1847 1856 1864 1873 1882 1893 1904 1913 1922 1931 1941 1948 1956 1962 1967 1972 1977 1985 1995 2002 2012 2025 2036 2045 2055
2088 2087 2084 2081 2078 2072 2064 2057 2047 2036 2024 2012 2000 1990 1980 1967 1955 1943 1931 1926 1923 1917 1907 1897 1887 1876 1865 1856 1849 1843 1836 1827 1819 1811 1803 1793 1782 1770 1760 1753 1746 1739 1727 1719 1718 1725 1737 1751 1765 1777 1786 1795 1802 1807 1812 1817 1823 1829 1835 1844 1858 1869 1880 1886 1894 1902 1911 1920 1927 1934 1941 1946 1952 1957 1962 1969 1974 1980 1990 1999 2007 2016 2027 2041
2101 2097 2093 2090 2086 2083 2078 2070 2061 2049 2033 2018 2004 1990 1975 1961 1952 1944 1941 1941 1936 1924 1915 1905 1892 1880 1868 1859 1855 1852 1850 1841 1832 1821 1811 1801 1792 1782 1776 1769 1761 1751 1741 1732 1722 1720 1735 1753 1766 1778 1785 1791 1796 1802 1808 1815 1822 1829 1836 1847 1862 1871 1880 1888 1896 1903 1910 1917 1923 1929 1935 1940 1944 1949 1955 1960 1967 1974 1982 1994 2005 2017 2030 2043
2113 2108 2103 2099 2093 2089 2085 2080 2069 2055 2039 2023 2010 1997 1986 1974 1961 1961 1961 1951 1941 1933 1925 1917 1906 1893 1878 1871 1865 1863 1862 1852 1838 1827 1818 1811 1804 1801 1792 1782 1772 1762 1750 1738 1730 1722 1734 1748 1762 1778 1784 1789 1794 1799 1807 1815 1822 1830 1837 1845 1858 1868 1878 1884 1891 1898 1903 1907 1911 1915 1919 1928 1937 1945 1956 1964 1971 1980 1989 2000 2010 2019 2031 2046
2125 2118 2112 2107 2102 2097 2090 2085 2078 2065 2049 2034 2024 2014 2002 1987 1986 1984 1973 1959 1950 1943 1933 1924 1912 1899 1892 1885 1880 1875 1870 1859 1848 1838 1831 1824 1820 1811 1802 1792 1780 1762 1753 1744 1736 1728 1729 1745 1761 1774 1783 1788 1794 1800 1810 1820 1826 1832 1838 1848 1858 1863 1867 1870 1874 1878 1885 1895 1905 1919 1929 1940 1947 1955 1963 1971 1980 1987 1995 2002 2009 2016 2026 2042
2140 2133 2127 2121 2113 2106 2099 2092 2084 2075 2061 2049 2037 2025 2013 2008 2009 1998 1983 1972 1960 1951 1942 1935 1927 1920 1911 1901 1894 1886 1877 1867 1858 1850 1841 1833 1824 1815 1804 1791 1779 1771 1764 1750 1737 1730 1734 1747 1763 1780 1784 1790 1795 1800 1810 1820 1825 1832 1837 1843 1846 1849 1856 1863 1873 1883 1894 1903 1914 1925 1940 1946 1953 1960 1966 1974 1980 1985 1990 1998 2004 2011 2019 2031
2149 2138 2133 2127 2122 2114 2105 2096 2089 2081 2071 2061 2046 2038 2033 2027 2021 2009 1997 1983 1970 1960 1954 1948 1942 1935 1925 1915 1905 1896 1886 1877 1871 1864 1853 1840 1829 1820 1810 1800 1790 1781 1766 1753 1741 1732 1736 1749 1763 1773 1781 1787 1793 1799 1804 1810 1816 1818 1821 1830 1839 1847 1857 1866 1874 1883 1891 1900 1908 1920 1929 1940 1946 1953 1961 1968 1974 1981 1987 1993 1999 2006 2013 2021
2158 2150 2141 2133 2125 2117 2111 2104 2096 2088 2080 2068 2059 2052 2045 2038 2026 2013 2000 1992 1984 1977 1967 1958 1950 1942 1932 1922 1912 1904 1897 1890 1883 1874 1862 1851 1838 1826 1818 1809 1801 1790 1781 1765 1753 1741 1734 1742 1753 1762 1772 1781 1790 1796 1798 1799 1804 1820 1831 1841 1845 1850 1856 1862 1867 1873 1879 1890 1900 1912 1926 1943 1958 1963 1969 1976 1983 1988 1996 2003 2009 2015 2024 2033
2168 2159 2151 2143 2134 2126 2117 2111 2105 2098 2091 2083 2074 2064 2053 2043 2033 2021 2013 2005 1996 1988 1980 1970 1960 1950 1939 1931 1922 1915 1910 1904 1895 1884 1872 1860 1848 1837 1828 1820 1813 1807 1802 1789 1773 1757 1745 1737 1743 1752 1760 1771 1780 1780 1789 1804 1818 1826 1834 1841 1840 1840 1850 1858 1866 1877 1888 1900 1912 1926 1938 1950 1961 1967 1974 1980 1986 1992 1998 2004 2010 2018 2025 2034
2172 2165 2158 2152 2146 2140 2130 2120 2114 2108 2102 2092 2079 2069 2058 2047 2037 2030 2022 2015 2009 2002 1992 1982 1972 1964 1952 1940 1933 1928 1921 1912 1902 1890 1877 1866 1857 1848 1839 1830 1826 1823 1820 1808 1790 1776 1765 1755 1747 1746 1745 1754 1764 1779 1796 1803 1808 1814 1820 1821 1824 1840 1854 1864 1874 1883 1892 1902 1912 1924 1936 1948 1958 1966 1973 1980 1987 1994 2000 2004 2009 2013 2017 2025
2181 2172 2165 2159 2153 2147 2140 2132 2125 2118 2110 2102 2093 2080 2066 2054 2042 2036 2032 2028 2023 2017 2006 1995 1982 1972 1962 1952 1943 1935 1927 1920 1910 1900 1889 1878 1868 1858 1849 1840 1837 1838 1830 1820 1812 1802 1785 1776 1770 1763 1755 1755 1770 1781 1786 1790 1795 1801 1811 1821 1832 1843 1852 1861 1870 1879 1888 1897 1907 1920 1931 1943 1954 1963 1970 1978 1984 1989 1995 1998 2002 2008 2014 2021
2190 2179 2173 2167 2160 2159 2160 2153 2144 2137 2129 2123 2108 2091 2076 2065 2056 2050 2044 2037 2030 2023 2015 2008 2001 1987 1972 1960 1952 1944 1937 1929 1920 1913 1904 1891 1879 1870 1860 1854 1851 1847 1840 1827 1810 1799 1796 1792 1787 1775 1759 1757 1767 1777 1782 1790 1797 1805 1815 1823 1832 1841 1848 1856 1863 1872 1880 1891 1902 1914 1925 1935 1945 1953 1961 1968 1974 1980 1984 1989 1993 1999 2004 2009
2195 2184 2178 2173 2168 2165 2162 2160 2153 2146 2140 2129 2118 2101 2087 2075 2065 2057 2049 2043 2037 2031 2025 2018 2005 1991 1977 1967 1958 1951 1944 1937 1931 1923 1914 1900 1888 1878 1873 1868 1863 1852 1836 1820 1819 1818 1814 1807 1799 1786 1770 1759 1762 1771 1780 1789 1798 1806 1813 1821 1828 1836 1843 1850 1857 1869 1881 1890 1898 1908 1918 1926 1934 1943 1948 1955 1961 1967 1972 1979 1985 1994 2001 2009
2199 2192 2187 2179 2175 2170 2167 2164 2158 2152 2145 2138 2124 2110 2098 2088 2075 2065 2056 2050 2043 2037 2029 2022 2010 1998 1988 1978 1971 1964 1955 1947 1941 1931 1920 1907 1895 1887 1878 1870 1862 1849 1837 1832 1838 1840 1830 1819 1807 1795 1784 1776 1768 1761 1774 1784 1792 1800 1808 1817 1825 1833 1840 1848 1855 1865 1875 1885 1893 1901 1908 1916 1924 1930 1935 1942 1951 1960 1972 1983 1993 2002 2010 2017
2200 2196 2191 2187 2183 2179 2176 2171 2165 2161 2154 2144 2133 2120 2106 2094 2084 2073 2061 2055 2049 2044 2036 2028 2020 2009 1999 1987 1976 1969 1963 1953 1942 1931 1920 1913 1906 1898 1888 1877 1863 1853 1851 1855 1851 1841 1828 1817 1811 1805 1797 1788 1780 1767 1768 1780 1787 1795 1801 1811 1820 1827 1833 1841 1850 1859 1867 1874 1882 1889 1899 1900 1911 1927 1941 1952 1963 1972 1981 1989 1997 2004 2011 2019
2205 2199 2196 2193 2189 2186 2184 2181 2174 2166 2159 2149 2138 2126 2116 2104 2093 2081 2071 2062 2054 2047 2040 2034 2027 2020 2007 1995 1985 1976 1968 1960 1950 1941 1932 1924 1915 1907 1895 1880 1872 1872 1867 1862 1855 1840 1839 1832 1824 1814 1803 1793 1783 1773 1762 1770 1778 1785 1792 1799 1807 1815 1825 1834 1841 1846 1851 1856 1860 1875 1888 1901 1915 1926 1934 1945 1956 1964 1972 1979 1988 1998 2008 2018
2214 2208 2203 2198 2194 2190 2184 2180 2174 2167 2161 2150 2139 2131 2123 2113 2101 2091 2081 2071 2061 2053 2045 2038 2029 2023 2011 1999 1989 1980 1974 1967 1960 1948 1935 1923 1912 1900 1897 1892 1892 1888 1883 1874 1860 1858 1852 1842 1831 1820 1805 1794 1784 1776 1767 1766 1772 1777 1784 1794 1802 1809 1814 1821 1827 1833 1837 1848 1863 1881 1894 1903 1910 1917 1927 1937 1947 1958 1970 1980 1989 1998 2007 2014
2217 2213 2209 2205 2201 2197 2192 2188 2184 2178 2168 2158 2148 2137 2123 2114 2106 2099 2090 2080 2068 2058 2050 2043 2034 2024 2014 2003 1994 1986 1977 1967 1955 1943 1928 1920 1920 1920 1915 1909 1902 1893 1883 1877 1872 1866 1858 1845 1833 1822 1811 1801 1791 1780 1773 1766 1767 1771 1775 1779 1786 1792 1799 1808 1816 1828 1841 1852 1865 1880 1886 1893 1901 1910 1919 1931 1941 1950 1958 1973 1984 1992 2001 2011
2221 2217 2213 2210 2207 2203 2199 2198 2191 2183 2174 2165 2153 2139 2127 2117 2109 2102 2094 2083 2072 2059 2053 2045 2037 2028 2018 2009 1999 1989 1979 1966 1949 1938 1936 1932 1930 1924 1918 1911 1905 1899 1892 1885 1880 1871 1862 1849 1837 1826 1815 1804 1793 1783 1776 1771 1766 1767 1770 1774 1777 1783 1795 1805 1816 1826 1835 1844 1853 1861 1871 1880 1888 1897 1906 1917 1928 1939 1958 1967 1976 1987 1998 2007
2235 2230 2225 2221 2217 2212 2208 2203 2197 2188 2180 2171 2162 2149 2135 2123 2114 2105 2096 2086 2075 2065 2056 2048 2040 2031 2023 2014 2006 1995 1980 1960 1958 1955 1951 1941 1936 1931 1926 1921 1914 1906 1897 1887 1878 1869 1859 1849 1837 1827 1817 1807 1797 1784 1776 1770 1765 1767 1770 1772 1775 1777 1780 1793 1804 1813 1822 1831 1840 1851 1862 1871 1880 1890 1900 1910 1920 1930 1941 1954 1965 1976 1988 2000
