sample/alps_04.asc
ncols        518
nrows        361
xllcorner    9.037638888889
yllcorner    46.819027777778
cellsize     0.000277777778
NODATA_value -9999
[rows 190 to 227 of 361, columns 336 to 419 of 518]
2427 2440 2457 2471 2486 2500 2517 2534 2551 2566 2583 2600 2617 2640 2649 2659 2664 2669 2674 2679 2686 2693 2700 2707 2714 2721 2727 2733 2740 2747 2754 2762 2772 2781 2792 2804 2818 2831 2841 2849 2856 2860 2865 2866 2851 2837 2828 2814 2805 2801 2792 2782 2772 2762 2752 2742 2734 2724 2709 2697 2692 2685 2678 2669 2665 2664 2663 2662 2660 2655 2648 2640 2640 2640 2640 2640 2640 2641 2641 2641 2639 2637 2634 2631
2435 2450 2466 2481 2497 2515 2532 2550 2568 2585 2605 2625 2641 2645 2649 2653 2657 2663 2669 2676 2682 2690 2696 2702 2708 2715 2721 2728 2735 2742 2748 2755 2764 2776 2788 2800 2811 2823 2834 2843 2848 2852 2851 2831 2812 2797 2789 2781 2773 2767 2758 2749 2741 2736 2727 2719 2710 2702 2696 2690 2682 2675 2667 2660 2661 2661 2661 2661 2659 2654 2649 2643 2639 2636 2633 2630 2627 2630 2635 2639 2635 2631 2627 2623
2455 2469 2486 2502 2517 2531 2547 2562 2577 2591 2614 2648 2651 2654 2656 2660 2663 2667 2670 2675 2680 2686 2691 2697 2703 2711 2719 2725 2731 2738 2746 2754 2766 2781 2792 2803 2812 2820 2828 2835 2838 2826 2814 2802 2790 2776 2768 2762 2755 2748 2741 2735 2728 2721 2714 2707 2700 2695 2689 2684 2677 2665 2660 2659 2659 2658 2658 2659 2656 2652 2648 2644 2640 2628 2620 2619 2617 2617 2620 2623 2624 2619 2616 2614
2467 2484 2502 2518 2533 2549 2565 2580 2600 2621 2647 2657 2662 2666 2670 2675 2678 2680 2682 2684 2685 2686 2691 2696 2700 2707 2714 2721 2727 2733 2740 2751 2763 2782 2792 2800 2810 2820 2826 2824 2809 2798 2788 2776 2767 2755 2748 2743 2739 2733 2727 2722 2716 2711 2705 2699 2692 2686 2680 2675 2671 2666 2661 2658 2654 2650 2646 2647 2648 2647 2644 2640 2630 2620 2616 2613 2609 2608 2608 2609 2609 2608 2604 2600
2479 2495 2514 2534 2554 2572 2592 2611 2633 2651 2661 2666 2671 2675 2680 2682 2686 2689 2692 2696 2698 2700 2699 2700 2699 2702 2707 2712 2717 2725 2733 2740 2755 2774 2787 2799 2807 2816 2817 2802 2790 2778 2768 2756 2744 2733 2731 2726 2722 2718 2713 2709 2706 2701 2693 2685 2678 2675 2670 2665 2660 2659 2656 2654 2652 2650 2648 2646 2644 2640 2641 2640 2633 2628 2622 2616 2611 2606 2601 2599 2597 2595 2594 2593
2492 2510 2530 2550 2570 2590 2616 2650 2662 2665 2669 2672 2676 2681 2685 2689 2694 2697 2700 2703 2705 2707 2707 2709 2711 2712 2713 2714 2716 2719 2724 2734 2747 2765 2782 2794 2803 2809 2812 2793 2774 2755 2739 2731 2723 2715 2712 2708 2704 2699 2694 2689 2685 2681 2678 2674 2671 2667 2663 2660 2659 2657 2659 2661 2656 2652 2648 2644 2642 2639 2635 2632 2629 2626 2623 2620 2614 2608 2602 2598 2594 2591 2589 2588
2507 2527 2549 2568 2586 2607 2632 2657 2664 2668 2671 2675 2680 2684 2690 2694 2700 2703 2706 2710 2713 2714 2716 2718 2720 2721 2719 2719 2719 2719 2723 2732 2740 2762 2779 2790 2800 2804 2808 2795 2766 2739 2725 2716 2703 2699 2694 2690 2687 2682 2677 2671 2666 2660 2659 2656 2655 2653 2653 2653 2653 2655 2655 2653 2650 2648 2645 2641 2641 2639 2634 2629 2627 2626 2624 2622 2621 2613 2606 2599 2594 2590 2585 2585
2531 2548 2565 2581 2596 2614 2631 2650 2662 2668 2674 2680 2686 2691 2698 2704 2711 2717 2721 2723 2725 2727 2729 2730 2732 2734 2733 2732 2729 2728 2731 2735 2739 2751 2768 2783 2791 2799 2801 2792 2752 2730 2713 2700 2690 2682 2678 2674 2670 2666 2662 2658 2654 2650 2645 2641 2639 2637 2640 2640 2641 2641 2640 2639 2637 2637 2637 2636 2637 2640 2640 2635 2628 2622 2622 2617 2612 2607 2602 2596 2591 2586 2582 2580
2553 2568 2585 2602 2614 2628 2639 2654 2664 2671 2680 2688 2695 2702 2708 2714 2720 2723 2726 2730 2733 2735 2739 2740 2742 2743 2743 2742 2740 2739 2739 2741 2746 2752 2759 2770 2780 2787 2785 2761 2737 2716 2698 2687 2678 2670 2663 2658 2654 2652 2648 2644 2641 2638 2637 2635 2632 2631 2640 2640 2639 2634 2631 2626 2623 2624 2628 2626 2626 2625 2624 2623 2620 2615 2607 2602 2597 2591 2591 2588 2584 2580 2577 2575
2571 2589 2608 2619 2632 2645 2657 2664 2671 2678 2687 2698 2703 2708 2714 2719 2724 2729 2732 2737 2741 2744 2747 2750 2753 2755 2758 2756 2755 2754 2753 2754 2755 2756 2757 2759 2771 2763 2753 2742 2723 2703 2690 2680 2669 2658 2650 2642 2639 2636 2633 2630 2627 2628 2627 2626 2624 2622 2623 2622 2622 2617 2612 2608 2608 2614 2619 2615 2616 2613 2610 2607 2604 2601 2596 2590 2583 2580 2580 2582 2579 2575 2571 2568
2574 2593 2610 2623 2639 2654 2664 2670 2676 2683 2700 2704 2709 2714 2719 2725 2729 2735 2740 2744 2747 2751 2755 2760 2762 2764 2767 2768 2769 2770 2771 2766 2763 2760 2758 2753 2748 2743 2733 2717 2702 2693 2685 2676 2665 2652 2639 2634 2629 2624 2620 2618 2616 2618 2615 2612 2614 2612 2608 2605 2600 2599 2598 2595 2594 2595 2598 2601 2604 2604 2602 2597 2593 2588 2584 2579 2575 2572 2570 2567 2563 2561 2561 2561
2572 2589 2606 2621 2636 2652 2664 2673 2682 2690 2700 2707 2714 2721 2725 2730 2735 2740 2745 2750 2754 2758 2762 2765 2769 2772 2776 2780 2781 2782 2783 2782 2780 2778 2773 2762 2752 2741 2725 2709 2695 2685 2676 2666 2657 2648 2639 2626 2619 2616 2612 2609 2606 2604 2600 2599 2602 2598 2593 2589 2584 2580 2577 2580 2580 2580 2584 2589 2594 2596 2594 2587 2580 2579 2578 2575 2569 2566 2564 2561 2557 2552 2553 2555
2569 2591 2609 2622 2637 2652 2665 2675 2685 2694 2704 2714 2721 2727 2732 2738 2743 2747 2750 2755 2759 2763 2767 2772 2777 2780 2782 2784 2786 2789 2791 2792 2793 2794 2792 2774 2755 2736 2724 2710 2696 2683 2672 2662 2652 2642 2635 2626 2617 2609 2602 2598 2595 2591 2588 2586 2585 2583 2580 2576 2569 2563 2563 2569 2569 2571 2576 2581 2584 2584 2584 2580 2578 2574 2573 2568 2561 2562 2561 2560 2555 2549 2546 2545
2562 2582 2601 2615 2633 2648 2664 2675 2687 2700 2712 2721 2727 2733 2739 2743 2749 2754 2760 2764 2769 2774 2779 2781 2783 2786 2789 2792 2794 2797 2800 2801 2803 2805 2805 2801 2780 2753 2726 2709 2695 2683 2670 2658 2646 2636 2626 2618 2610 2601 2594 2589 2584 2579 2576 2573 2570 2567 2563 2560 2558 2558 2557 2559 2559 2559 2560 2564 2568 2569 2572 2572 2571 2567 2565 2561 2558 2556 2554 2550 2547 2543 2540 2536
2566 2582 2600 2615 2630 2646 2660 2677 2694 2707 2720 2725 2733 2740 2745 2751 2756 2762 2769 2776 2781 2785 2789 2794 2797 2800 2800 2803 2804 2807 2810 2812 2814 2815 2814 2812 2797 2767 2736 2715 2704 2685 2670 2658 2643 2633 2623 2614 2605 2595 2585 2579 2574 2569 2564 2560 2557 2554 2556 2551 2550 2551 2552 2551 2549 2548 2545 2550 2555 2558 2560 2562 2563 2559 2554 2547 2542 2544 2545 2543 2540 2539 2535 2531
2583 2596 2605 2615 2629 2644 2658 2679 2700 2709 2717 2725 2733 2741 2748 2755 2762 2769 2775 2783 2795 2804 2812 2820 2820 2820 2819 2819 2819 2819 2818 2820 2821 2822 2821 2820 2805 2775 2743 2718 2709 2700 2678 2660 2649 2638 2625 2613 2602 2594 2586 2577 2567 2559 2556 2552 2548 2544 2546 2542 2542 2547 2546 2543 2540 2540 2540 2545 2549 2552 2553 2556 2555 2548 2541 2537 2535 2537 2539 2537 2537 2534 2530 2526
2603 2611 2619 2628 2637 2646 2657 2671 2687 2702 2716 2725 2734 2743 2751 2759 2768 2778 2787 2795 2806 2817 2820 2820 2821 2821 2822 2822 2823 2823 2825 2826 2826 2825 2824 2822 2810 2789 2751 2720 2712 2705 2698 2670 2649 2636 2628 2618 2603 2594 2586 2576 2566 2556 2545 2539 2537 2535 2536 2538 2540 2542 2542 2540 2540 2540 2540 2541 2543 2545 2545 2546 2545 2539 2529 2527 2526 2529 2531 2530 2529 2527 2524 2521
2622 2628 2634 2639 2646 2652 2658 2670 2684 2700 2714 2724 2734 2743 2752 2761 2771 2781 2792 2803 2812 2820 2820 2821 2823 2823 2822 2822 2821 2821 2820 2817 2815 2815 2816 2810 2806 2791 2758 2726 2712 2702 2694 2686 2663 2635 2624 2613 2603 2593 2584 2574 2563 2555 2547 2540 2525 2523 2522 2524 2528 2532 2533 2531 2533 2535 2538 2540 2537 2539 2536 2532 2525 2520 2519 2517 2518 2520 2521 2522 2520 2516 2512 2509
2644 2647 2651 2656 2662 2668 2678 2688 2698 2708 2718 2727 2736 2746 2755 2765 2776 2790 2801 2808 2816 2820 2821 2821 2821 2820 2813 2804 2800 2800 2799 2797 2796 2796 2794 2781 2766 2754 2742 2723 2711 2700 2691 2682 2675 2645 2626 2615 2600 2593 2585 2576 2563 2552 2543 2534 2525 2516 2511 2507 2510 2513 2518 2519 2518 2521 2525 2528 2522 2519 2518 2516 2514 2512 2512 2512 2512 2512 2512 2514 2511 2508 2505 2503
2669 2676 2682 2688 2696 2700 2705 2710 2717 2723 2730 2737 2745 2753 2760 2774 2786 2797 2800 2801 2803 2806 2806 2804 2803 2801 2797 2794 2789 2785 2782 2780 2780 2778 2767 2757 2745 2734 2721 2709 2700 2693 2685 2678 2671 2663 2635 2614 2600 2590 2580 2571 2562 2553 2543 2534 2525 2514 2500 2496 2493 2494 2494 2495 2502 2510 2520 2520 2517 2515 2512 2509 2507 2505 2506 2506 2504 2502 2502 2505 2503 2503 2501 2496
2694 2702 2707 2712 2718 2722 2726 2730 2734 2738 2743 2749 2756 2765 2775 2784 2780 2779 2778 2776 2776 2774 2773 2773 2774 2772 2769 2766 2765 2763 2760 2760 2760 2752 2738 2724 2711 2699 2694 2690 2685 2680 2676 2672 2668 2663 2654 2619 2597 2584 2577 2571 2565 2559 2552 2543 2530 2515 2504 2494 2484 2478 2476 2477 2482 2496 2512 2514 2509 2504 2500 2499 2496 2496 2500 2501 2501 2501 2500 2499 2494 2490 2486 2482
2700 2705 2711 2716 2723 2734 2741 2746 2750 2753 2758 2763 2773 2779 2770 2766 2764 2762 2760 2760 2758 2757 2757 2757 2758 2756 2753 2749 2746 2743 2740 2735 2727 2720 2710 2700 2689 2677 2662 2662 2663 2666 2664 2663 2662 2660 2652 2631 2597 2582 2576 2571 2566 2561 2555 2548 2541 2524 2510 2494 2484 2473 2462 2459 2464 2477 2490 2502 2501 2496 2489 2484 2480 2479 2479 2478 2486 2491 2493 2489 2485 2480 2474 2467
2713 2717 2721 2727 2734 2740 2745 2752 2758 2765 2771 2778 2770 2760 2758 2756 2755 2753 2751 2749 2747 2746 2745 2744 2743 2742 2740 2737 2733 2729 2723 2714 2707 2698 2688 2676 2665 2656 2648 2643 2644 2646 2648 2650 2650 2647 2643 2624 2592 2579 2572 2564 2559 2553 2547 2542 2535 2528 2521 2507 2491 2477 2468 2458 2447 2453 2464 2477 2480 2475 2470 2467 2462 2460 2457 2456 2463 2471 2481 2479 2477 2471 2464 2456
2723 2723 2725 2732 2738 2744 2749 2755 2761 2767 2773 2764 2756 2749 2742 2740 2738 2736 2733 2732 2733 2734 2731 2730 2727 2725 2723 2720 2714 2700 2681 2679 2680 2676 2668 2657 2648 2639 2633 2626 2618 2620 2629 2633 2635 2632 2629 2607 2584 2570 2559 2553 2549 2544 2540 2534 2528 2520 2515 2508 2501 2491 2480 2467 2449 2436 2436 2441 2449 2453 2452 2450 2447 2445 2443 2440 2440 2444 2452 2457 2461 2461 2452 2444
2729 2727 2728 2735 2741 2746 2752 2757 2760 2756 2750 2744 2739 2736 2733 2729 2727 2724 2721 2720 2722 2726 2723 2720 2717 2711 2706 2700 2690 2680 2670 2658 2655 2654 2647 2638 2632 2625 2618 2612 2606 2600 2597 2604 2611 2613 2611 2606 2581 2560 2552 2544 2538 2535 2530 2525 2520 2515 2510 2505 2499 2492 2486 2478 2447 2434 2427 2420 2426 2440 2439 2437 2434 2432 2430 2427 2424 2430 2433 2437 2440 2439 2438 2437
2722 2721 2723 2729 2735 2738 2736 2734 2731 2729 2728 2726 2723 2721 2720 2717 2715 2712 2711 2708 2710 2710 2705 2701 2697 2692 2686 2681 2673 2666 2656 2647 2640 2633 2628 2622 2617 2611 2605 2598 2592 2585 2580 2578 2580 2583 2578 2572 2564 2546 2538 2533 2529 2524 2520 2516 2511 2506 2500 2497 2493 2488 2484 2476 2454 2435 2424 2415 2411 2416 2421 2422 2421 2421 2421 2420 2420 2418 2417 2419 2421 2424 2427 2430
2699 2702 2706 2711 2716 2718 2716 2714 2713 2711 2709 2708 2707 2705 2704 2702 2700 2697 2696 2694 2691 2689 2687 2684 2682 2677 2670 2666 2658 2653 2646 2638 2629 2620 2615 2609 2604 2600 2593 2585 2580 2575 2570 2565 2562 2558 2551 2544 2537 2529 2520 2517 2512 2509 2505 2502 2499 2500 2497 2493 2487 2481 2474 2466 2455 2439 2424 2410 2400 2397 2400 2404 2409 2415 2418 2415 2412 2408 2407 2410 2413 2419 2423 2425
2684 2689 2694 2700 2704 2707 2706 2706 2705 2704 2703 2702 2701 2701 2695 2691 2689 2684 2683 2679 2677 2674 2672 2669 2667 2664 2659 2653 2647 2640 2636 2629 2619 2610 2600 2596 2592 2587 2580 2575 2569 2563 2558 2552 2547 2540 2535 2529 2523 2517 2510 2504 2500 2498 2496 2493 2491 2492 2495 2489 2481 2470 2460 2453 2444 2434 2424 2407 2393 2382 2380 2386 2393 2400 2405 2403 2400 2398 2397 2400 2405 2408 2410 2415
2673 2678 2682 2686 2691 2695 2699 2699 2698 2695 2693 2691 2688 2686 2684 2681 2675 2667 2661 2660 2660 2657 2655 2652 2649 2645 2642 2639 2635 2632 2628 2624 2620 2602 2592 2585 2578 2573 2568 2563 2558 2553 2549 2544 2539 2532 2528 2523 2517 2511 2505 2500 2496 2493 2490 2486 2483 2483 2485 2486 2477 2466 2456 2448 2439 2429 2420 2408 2394 2379 2372 2374 2377 2381 2390 2391 2390 2388 2390 2394 2397 2399 2399 2400
2659 2665 2672 2678 2681 2686 2690 2691 2691 2689 2687 2685 2682 2679 2671 2664 2660 2657 2653 2651 2647 2643 2640 2637 2636 2634 2633 2629 2626 2623 2620 2616 2609 2601 2590 2579 2570 2565 2560 2556 2551 2546 2540 2536 2531 2525 2520 2516 2512 2506 2501 2495 2489 2484 2480 2478 2477 2476 2475 2472 2468 2463 2456 2445 2435 2425 2416 2407 2397 2380 2367 2360 2364 2366 2368 2373 2378 2380 2380 2381 2386 2389 2391 2394
2651 2656 2661 2666 2672 2677 2682 2684 2686 2683 2678 2671 2665 2659 2653 2648 2642 2640 2638 2638 2637 2635 2632 2629 2627 2623 2620 2617 2615 2614 2613 2609 2605 2599 2588 2577 2566 2553 2546 2541 2537 2533 2528 2523 2518 2513 2509 2504 2499 2494 2489 2484 2480 2475 2472 2470 2467 2464 2460 2457 2454 2449 2444 2439 2430 2420 2412 2402 2392 2380 2368 2358 2361 2361 2360 2360 2364 2369 2373 2375 2378 2380 2384 2390
2637 2641 2646 2651 2657 2664 2673 2680 2681 2673 2664 2655 2647 2640 2637 2634 2631 2629 2626 2626 2627 2626 2622 2618 2617 2615 2613 2608 2605 2606 2607 2605 2603 2601 2591 2582 2572 2560 2547 2536 2524 2517 2512 2506 2500 2496 2497 2492 2488 2485 2481 2476 2471 2466 2465 2463 2460 2456 2452 2448 2445 2440 2435 2427 2420 2412 2405 2398 2388 2377 2369 2360 2354 2357 2360 2357 2356 2358 2359 2360 2366 2373 2378 2382
2620 2626 2631 2635 2640 2647 2657 2665 2665 2656 2647 2639 2632 2626 2622 2619 2617 2614 2615 2618 2619 2617 2614 2612 2611 2609 2606 2601 2600 2600 2601 2599 2596 2594 2592 2587 2578 2565 2550 2538 2522 2509 2500 2496 2488 2480 2476 2478 2476 2472 2468 2464 2461 2458 2458 2452 2448 2443 2440 2437 2440 2434 2427 2421 2416 2409 2403 2393 2381 2372 2363 2356 2351 2351 2353 2352 2352 2354 2356 2358 2361 2365 2371 2379
2602 2608 2613 2620 2626 2634 2641 2649 2645 2635 2626 2620 2618 2615 2612 2609 2606 2604 2607 2607 2606 2604 2604 2605 2604 2603 2600 2599 2596 2593 2590 2589 2586 2584 2581 2579 2577 2571 2557 2542 2528 2513 2499 2488 2478 2469 2462 2463 2462 2459 2456 2452 2447 2446 2447 2440 2436 2431 2427 2422 2421 2419 2414 2409 2405 2400 2392 2383 2378 2371 2365 2359 2353 2346 2347 2346 2344 2342 2340 2344 2350 2356 2361 2369
2585 2591 2596 2600 2608 2618 2630 2642 2633 2622 2614 2607 2602 2599 2597 2596 2596 2594 2598 2596 2595 2592 2595 2598 2596 2596 2596 2594 2588 2583 2579 2575 2572 2571 2569 2566 2563 2560 2555 2552 2537 2520 2502 2488 2473 2457 2454 2451 2447 2446 2446 2440 2437 2436 2437 2429 2422 2418 2414 2411 2407 2404 2401 2398 2388 2380 2376 2371 2367 2363 2359 2355 2350 2346 2343 2341 2340 2339 2338 2338 2342 2347 2352 2357
2570 2575 2579 2585 2592 2599 2622 2635 2624 2611 2599 2595 2591 2587 2584 2586 2584 2584 2587 2584 2581 2579 2584 2588 2584 2583 2584 2583 2577 2569 2560 2560 2562 2561 2557 2552 2551 2549 2547 2544 2540 2529 2509 2493 2477 2452 2444 2442 2439 2437 2440 2438 2432 2428 2429 2420 2415 2409 2404 2398 2391 2384 2382 2379 2374 2371 2368 2363 2359 2356 2353 2350 2347 2344 2341 2338 2336 2334 2332 2331 2331 2332 2338 2346
2560 2563 2569 2574 2579 2590 2612 2626 2616 2600 2586 2580 2577 2575 2573 2574 2572 2574 2576 2574 2572 2568 2571 2574 2571 2573 2576 2569 2561 2559 2557 2556 2552 2547 2541 2539 2539 2540 2540 2536 2530 2523 2514 2500 2478 2440 2432 2431 2430 2428 2424 2420 2420 2420 2422 2416 2410 2401 2395 2388 2382 2375 2369 2362 2359 2358 2360 2356 2352 2350 2348 2347 2346 2343 2341 2336 2330 2329 2327 2324 2322 2320 2320 2330
2548 2552 2555 2559 2566 2577 2591 2611 2606 2598 2579 2574 2569 2564 2560 2560 2559 2561 2564 2565 2563 2560 2560 2562 2561 2565 2567 2561 2554 2546 2540 2539 2538 2532 2525 2524 2524 2526 2526 2517 2509 2506 2506 2500 2480 2437 2422 2422 2422 2422 2422 2420 2415 2410 2406 2403 2402 2399 2391 2380 2371 2364 2360 2358 2355 2352 2349 2347 2345 2343 2340 2337 2335 2332 2330 2327 2325 2323 2322 2320 2320 2319 2317 2320
