sample/alps_06.asc
ncols        437
nrows        274
xllcorner    9.825138888890
yllcorner    46.682361111112
cellsize     0.000277777778
NODATA_value -9999
[rows 190 to 227 of 274, columns 252 to 335 of 437]
2755 2768 2779 2790 2800 2798 2802 2811 2820 2829 2838 2847 2856 2865 2875 2883 2893 2903 2920 2941 2960 2980 3000 3012 3004 2988 2973 2959 2944 2930 2915 2903 2895 2898 2891 2882 2874 2868 2859 2851 2844 2836 2827 2822 2813 2804 2795 2786 2779 2774 2766 2759 2748 2739 2730 2720 2711 2700 2678 2661 2643 2617 2584 2560 2557 2554 2551 2548 2547 2545 2542 2539 2528 2517 2506 2494 2480 2467 2455 2445 2432 2417 2402 2391
2761 2785 2802 2812 2819 2827 2835 2843 2851 2859 2865 2873 2881 2886 2894 2901 2914 2927 2940 2952 2967 2981 2994 3002 2991 2973 2955 2936 2917 2900 2892 2882 2874 2866 2859 2854 2847 2840 2835 2828 2821 2815 2808 2801 2791 2782 2774 2766 2758 2752 2745 2737 2729 2720 2714 2709 2700 2698 2688 2674 2656 2627 2600 2559 2549 2540 2536 2533 2527 2522 2517 2513 2508 2502 2491 2478 2464 2452 2439 2428 2417 2402 2392 2380
2776 2788 2799 2813 2827 2840 2854 2867 2879 2893 2901 2904 2914 2923 2933 2943 2951 2961 2971 2979 2977 2978 2981 2981 2973 2952 2932 2911 2897 2886 2875 2865 2853 2844 2838 2831 2823 2816 2810 2803 2796 2792 2786 2780 2775 2767 2759 2752 2745 2737 2730 2722 2715 2708 2700 2698 2695 2691 2684 2675 2660 2634 2600 2566 2550 2539 2533 2527 2521 2517 2510 2505 2500 2489 2477 2467 2454 2440 2430 2418 2408 2397 2387 2379
2796 2810 2823 2839 2853 2867 2880 2897 2906 2916 2925 2935 2935 2935 2939 2941 2942 2944 2945 2947 2952 2954 2956 2958 2960 2942 2920 2900 2887 2871 2859 2845 2833 2819 2804 2797 2795 2791 2787 2783 2780 2773 2769 2763 2758 2752 2743 2737 2733 2729 2723 2711 2700 2697 2694 2690 2687 2683 2679 2669 2655 2626 2593 2563 2551 2540 2532 2521 2512 2502 2496 2491 2485 2480 2471 2463 2449 2438 2430 2423 2412 2402 2389 2379
2825 2840 2855 2867 2883 2896 2902 2912 2920 2917 2912 2906 2900 2898 2899 2903 2904 2902 2909 2917 2924 2924 2927 2933 2936 2931 2907 2889 2872 2858 2843 2828 2814 2800 2791 2784 2778 2774 2770 2765 2759 2758 2752 2746 2740 2735 2730 2726 2720 2715 2709 2702 2698 2694 2690 2687 2683 2677 2670 2662 2646 2617 2584 2570 2559 2549 2539 2529 2518 2508 2498 2491 2483 2476 2468 2460 2453 2446 2438 2427 2415 2402 2389 2380
2862 2871 2883 2894 2901 2903 2903 2899 2895 2889 2884 2880 2874 2870 2868 2868 2870 2872 2881 2889 2895 2896 2899 2902 2907 2918 2894 2880 2861 2842 2830 2818 2804 2793 2784 2776 2770 2762 2756 2751 2746 2740 2736 2732 2727 2723 2719 2715 2710 2706 2700 2698 2694 2691 2688 2684 2680 2672 2665 2649 2628 2608 2594 2584 2572 2558 2549 2539 2525 2512 2501 2493 2485 2477 2469 2460 2453 2446 2438 2427 2415 2406 2398 2390
2851 2858 2865 2874 2880 2884 2881 2875 2869 2863 2860 2854 2848 2840 2837 2834 2840 2845 2851 2860 2868 2873 2879 2885 2890 2897 2893 2875 2856 2836 2823 2809 2797 2790 2783 2774 2765 2758 2752 2747 2741 2737 2733 2729 2725 2721 2716 2711 2706 2700 2697 2692 2688 2684 2679 2674 2669 2665 2657 2641 2630 2619 2608 2596 2582 2567 2554 2543 2533 2521 2510 2499 2489 2480 2471 2462 2453 2444 2434 2424 2416 2411 2405 2399
2831 2841 2846 2853 2859 2860 2860 2856 2851 2848 2844 2839 2832 2825 2818 2812 2814 2816 2822 2827 2832 2841 2847 2853 2861 2869 2873 2875 2860 2836 2825 2814 2803 2793 2785 2777 2768 2759 2753 2747 2741 2737 2732 2728 2725 2720 2714 2709 2704 2699 2695 2691 2688 2684 2680 2670 2662 2655 2648 2640 2631 2622 2613 2602 2588 2573 2557 2547 2534 2524 2515 2504 2492 2482 2473 2463 2453 2442 2433 2423 2416 2408 2400 2396
2804 2813 2821 2829 2838 2837 2836 2835 2833 2830 2829 2817 2805 2798 2794 2790 2792 2792 2794 2797 2800 2808 2816 2825 2832 2839 2848 2853 2858 2840 2832 2823 2812 2803 2794 2784 2775 2766 2758 2753 2748 2742 2738 2733 2728 2723 2718 2711 2704 2698 2692 2687 2682 2677 2672 2666 2661 2656 2649 2643 2635 2624 2614 2604 2590 2576 2564 2553 2544 2534 2522 2511 2500 2489 2477 2464 2453 2443 2432 2422 2415 2408 2400 2394
2788 2794 2802 2810 2817 2815 2811 2809 2808 2806 2810 2799 2784 2778 2775 2772 2770 2773 2775 2778 2782 2785 2793 2798 2804 2813 2820 2829 2840 2850 2848 2837 2830 2820 2808 2798 2786 2775 2766 2760 2755 2750 2745 2741 2736 2730 2724 2718 2713 2708 2700 2695 2691 2684 2680 2678 2673 2670 2666 2661 2654 2640 2627 2614 2599 2589 2577 2566 2555 2546 2534 2522 2510 2499 2489 2477 2460 2447 2438 2426 2416 2407 2400 2398
2763 2770 2780 2790 2796 2789 2780 2780 2780 2778 2783 2779 2766 2755 2756 2754 2752 2755 2756 2759 2762 2766 2769 2775 2781 2789 2798 2807 2818 2830 2840 2849 2846 2843 2840 2824 2806 2795 2785 2776 2769 2761 2756 2753 2749 2744 2740 2736 2730 2726 2721 2717 2708 2699 2696 2696 2697 2696 2685 2672 2659 2648 2636 2625 2615 2603 2591 2579 2568 2558 2545 2533 2522 2510 2498 2485 2467 2459 2456 2436 2419 2414 2409 2403
2738 2746 2753 2763 2765 2758 2757 2752 2749 2752 2754 2753 2746 2736 2736 2736 2735 2737 2739 2741 2743 2747 2752 2759 2766 2773 2782 2793 2806 2821 2835 2849 2857 2850 2843 2833 2825 2815 2805 2797 2791 2782 2777 2773 2768 2763 2763 2760 2758 2753 2746 2747 2751 2744 2729 2727 2728 2724 2714 2705 2689 2666 2652 2639 2628 2616 2604 2594 2582 2570 2555 2542 2526 2515 2502 2489 2478 2471 2464 2451 2428 2418 2413 2408
2706 2716 2728 2738 2734 2732 2728 2724 2723 2723 2723 2724 2719 2714 2716 2716 2717 2719 2721 2723 2725 2729 2735 2744 2755 2763 2772 2785 2809 2829 2848 2860 2860 2859 2854 2848 2841 2835 2832 2820 2812 2804 2799 2795 2792 2789 2788 2788 2792 2785 2778 2783 2795 2784 2768 2764 2760 2752 2739 2724 2711 2698 2680 2662 2642 2631 2619 2605 2595 2585 2570 2550 2532 2517 2502 2492 2482 2474 2466 2456 2443 2425 2416 2410
2684 2693 2702 2708 2706 2703 2702 2700 2699 2697 2697 2695 2695 2695 2697 2699 2700 2702 2703 2706 2707 2711 2721 2732 2745 2757 2769 2780 2798 2819 2840 2860 2860 2861 2862 2863 2863 2861 2854 2846 2838 2829 2825 2821 2818 2815 2818 2821 2821 2815 2812 2814 2818 2815 2807 2800 2793 2780 2765 2751 2733 2717 2703 2692 2679 2668 2656 2642 2629 2614 2600 2560 2547 2527 2506 2490 2477 2467 2455 2443 2434 2425 2416 2408
2663 2668 2673 2676 2680 2679 2682 2681 2681 2679 2676 2674 2677 2679 2680 2682 2683 2685 2689 2690 2691 2696 2702 2717 2733 2746 2763 2778 2792 2798 2815 2834 2853 2862 2869 2875 2880 2881 2877 2866 2856 2851 2850 2845 2843 2844 2845 2849 2853 2849 2848 2846 2843 2838 2832 2820 2825 2819 2806 2794 2775 2759 2743 2721 2704 2699 2678 2664 2651 2627 2608 2591 2576 2548 2520 2493 2472 2458 2445 2436 2429 2420 2411 2401
2645 2650 2654 2657 2661 2662 2662 2663 2662 2661 2660 2660 2661 2664 2666 2668 2671 2673 2675 2677 2679 2685 2695 2709 2725 2741 2757 2773 2788 2803 2819 2835 2851 2865 2877 2883 2888 2893 2893 2891 2883 2878 2876 2873 2869 2871 2875 2879 2864 2852 2841 2829 2820 2808 2795 2783 2791 2797 2795 2781 2765 2750 2736 2722 2712 2698 2683 2667 2648 2631 2615 2596 2576 2556 2532 2497 2480 2464 2451 2439 2429 2420 2409 2398
2624 2629 2634 2639 2641 2646 2648 2646 2649 2653 2652 2652 2652 2653 2654 2656 2658 2660 2664 2671 2675 2680 2691 2701 2717 2734 2753 2770 2788 2804 2823 2839 2855 2867 2878 2888 2897 2903 2908 2913 2913 2909 2905 2901 2896 2885 2869 2853 2837 2824 2811 2797 2786 2776 2766 2758 2752 2746 2740 2737 2728 2720 2715 2709 2700 2680 2660 2645 2629 2613 2598 2580 2564 2544 2519 2496 2482 2467 2455 2443 2433 2422 2406 2396
2616 2620 2623 2626 2630 2633 2635 2634 2640 2644 2643 2641 2641 2640 2645 2649 2652 2656 2659 2665 2673 2681 2694 2708 2723 2738 2753 2768 2783 2798 2816 2834 2852 2868 2881 2895 2906 2913 2922 2933 2913 2898 2890 2881 2867 2853 2840 2826 2810 2797 2786 2775 2766 2756 2746 2738 2730 2723 2717 2710 2700 2695 2685 2673 2663 2653 2642 2629 2615 2600 2582 2568 2554 2536 2517 2498 2485 2475 2466 2454 2435 2423 2412 2402
2606 2610 2617 2621 2621 2622 2624 2624 2625 2630 2629 2628 2630 2631 2635 2638 2644 2652 2660 2668 2677 2687 2700 2714 2726 2741 2756 2771 2784 2799 2816 2836 2852 2868 2881 2900 2910 2920 2931 2903 2889 2879 2867 2853 2843 2829 2814 2800 2787 2776 2768 2759 2749 2741 2734 2726 2718 2711 2704 2695 2685 2675 2665 2657 2647 2637 2628 2619 2606 2590 2576 2563 2550 2534 2518 2502 2491 2478 2468 2458 2448 2437 2423 2415
2600 2600 2600 2602 2603 2605 2604 2606 2609 2611 2613 2616 2618 2621 2627 2634 2641 2651 2661 2670 2680 2691 2704 2718 2731 2745 2759 2773 2787 2801 2820 2839 2858 2878 2895 2908 2919 2927 2905 2888 2872 2855 2840 2828 2816 2806 2794 2782 2771 2760 2752 2742 2734 2726 2719 2714 2708 2703 2696 2689 2680 2668 2657 2644 2634 2626 2618 2605 2591 2576 2562 2551 2540 2528 2515 2503 2492 2482 2474 2468 2473 2469 2462 2449
2590 2587 2585 2584 2586 2589 2593 2594 2596 2598 2600 2603 2609 2615 2621 2629 2637 2647 2658 2669 2680 2692 2706 2719 2733 2747 2761 2776 2788 2803 2820 2837 2853 2870 2887 2907 2925 2900 2893 2873 2854 2836 2823 2811 2798 2789 2776 2766 2755 2743 2734 2727 2720 2717 2714 2710 2707 2703 2700 2692 2684 2672 2660 2648 2634 2617 2605 2594 2580 2568 2556 2545 2534 2523 2513 2504 2496 2487 2487 2482 2484 2482 2475 2465
2578 2578 2577 2576 2578 2579 2583 2586 2589 2593 2596 2600 2606 2612 2618 2626 2634 2643 2656 2667 2678 2689 2701 2718 2735 2751 2768 2785 2801 2818 2834 2851 2868 2885 2901 2921 2899 2885 2869 2851 2835 2822 2808 2796 2784 2774 2765 2754 2740 2733 2724 2719 2716 2713 2710 2708 2705 2702 2699 2693 2687 2682 2669 2655 2640 2624 2606 2592 2580 2568 2555 2543 2535 2527 2520 2513 2505 2501 2501 2501 2496 2488 2482 2474
2570 2572 2572 2573 2575 2577 2579 2584 2590 2595 2600 2605 2610 2614 2619 2627 2635 2645 2656 2667 2677 2690 2707 2726 2747 2769 2790 2802 2817 2832 2846 2860 2875 2890 2910 2910 2893 2869 2851 2835 2819 2807 2796 2785 2774 2764 2755 2747 2739 2735 2730 2722 2718 2716 2714 2711 2709 2707 2704 2701 2694 2686 2679 2666 2650 2624 2607 2593 2579 2566 2555 2544 2537 2532 2526 2521 2515 2510 2508 2506 2504 2501 2492 2480
2566 2564 2566 2570 2573 2577 2582 2588 2594 2600 2605 2611 2616 2622 2628 2636 2645 2655 2666 2676 2687 2700 2723 2748 2773 2797 2812 2825 2837 2851 2864 2876 2889 2904 2911 2890 2873 2856 2840 2828 2816 2804 2793 2782 2773 2764 2757 2749 2743 2739 2736 2735 2734 2731 2729 2727 2723 2720 2719 2717 2717 2704 2690 2673 2649 2623 2605 2591 2577 2566 2556 2548 2540 2536 2532 2528 2523 2520 2518 2515 2512 2507 2501 2500
2564 2564 2566 2571 2575 2580 2586 2592 2598 2604 2609 2615 2620 2628 2635 2644 2654 2665 2675 2687 2700 2720 2740 2760 2780 2800 2817 2835 2852 2868 2885 2901 2910 2925 2900 2882 2867 2852 2838 2827 2816 2807 2798 2790 2783 2776 2768 2761 2757 2752 2749 2747 2747 2748 2749 2746 2745 2749 2746 2740 2717 2702 2679 2659 2640 2620 2608 2596 2585 2575 2565 2556 2547 2540 2536 2534 2531 2529 2527 2525 2522 2518 2515 2512
2571 2573 2580 2584 2589 2593 2598 2603 2608 2613 2619 2625 2629 2635 2642 2651 2660 2671 2678 2692 2708 2726 2742 2761 2779 2797 2813 2834 2852 2870 2889 2906 2921 2914 2894 2880 2868 2856 2839 2830 2819 2812 2805 2799 2793 2787 2782 2775 2770 2766 2763 2764 2767 2769 2772 2776 2774 2761 2739 2720 2706 2687 2670 2652 2636 2620 2608 2597 2590 2582 2570 2558 2549 2540 2540 2539 2538 2538 2536 2535 2531 2528 2524 2520
2577 2583 2589 2595 2601 2607 2613 2620 2623 2628 2633 2636 2641 2647 2652 2659 2670 2681 2693 2706 2719 2733 2747 2761 2774 2788 2803 2823 2842 2862 2880 2900 2914 2905 2891 2879 2871 2863 2853 2840 2832 2825 2818 2811 2804 2798 2793 2789 2784 2782 2782 2787 2793 2799 2800 2797 2780 2754 2735 2718 2700 2677 2655 2637 2627 2617 2605 2595 2586 2577 2568 2559 2553 2548 2542 2542 2541 2540 2540 2541 2539 2534 2530 2526
2583 2591 2601 2609 2618 2626 2630 2636 2640 2642 2646 2650 2653 2657 2663 2674 2683 2692 2703 2717 2729 2742 2753 2768 2781 2793 2808 2827 2845 2864 2880 2898 2900 2891 2882 2877 2871 2866 2861 2853 2845 2843 2840 2830 2819 2812 2806 2801 2798 2797 2797 2800 2801 2801 2800 2787 2767 2744 2720 2703 2684 2665 2646 2630 2617 2608 2597 2588 2579 2574 2567 2561 2558 2554 2551 2550 2549 2547 2547 2545 2543 2541 2538 2532
2595 2603 2616 2628 2640 2653 2659 2659 2660 2661 2665 2670 2674 2679 2683 2689 2694 2699 2710 2723 2735 2747 2760 2772 2784 2797 2811 2826 2841 2857 2872 2889 2886 2880 2878 2874 2871 2868 2864 2861 2854 2855 2855 2848 2842 2834 2824 2819 2818 2816 2813 2810 2807 2804 2802 2789 2763 2743 2718 2695 2674 2659 2640 2628 2615 2603 2596 2590 2583 2578 2574 2570 2568 2566 2562 2559 2557 2555 2552 2550 2547 2544 2540 2538
2613 2623 2637 2652 2663 2678 2685 2681 2680 2683 2684 2688 2691 2694 2697 2703 2710 2720 2731 2741 2752 2762 2772 2784 2795 2808 2824 2840 2859 2875 2889 2899 2887 2880 2878 2880 2880 2873 2871 2868 2866 2864 2861 2859 2856 2851 2848 2844 2841 2828 2818 2813 2808 2802 2786 2768 2750 2732 2711 2690 2674 2655 2634 2618 2610 2600 2596 2591 2587 2584 2580 2580 2580 2580 2576 2571 2564 2561 2558 2554 2550 2545 2540 2536
2631 2646 2658 2684 2702 2707 2710 2708 2705 2705 2710 2709 2709 2710 2712 2721 2731 2739 2748 2757 2767 2776 2785 2795 2806 2820 2834 2848 2860 2875 2889 2894 2890 2885 2882 2882 2882 2881 2881 2877 2866 2847 2829 2820 2820 2820 2824 2828 2823 2820 2812 2804 2793 2780 2764 2748 2734 2715 2697 2680 2665 2649 2633 2621 2610 2600 2597 2595 2592 2589 2587 2588 2588 2590 2583 2578 2573 2567 2562 2559 2557 2558 2552 2542
2652 2665 2682 2694 2711 2728 2744 2739 2739 2743 2745 2742 2739 2736 2735 2744 2751 2759 2767 2776 2783 2790 2799 2810 2824 2836 2846 2860 2874 2885 2899 2896 2892 2889 2885 2884 2882 2881 2880 2872 2860 2839 2834 2826 2820 2820 2820 2826 2820 2809 2799 2788 2772 2754 2738 2726 2710 2694 2682 2670 2657 2648 2634 2620 2616 2610 2604 2600 2598 2597 2595 2596 2598 2600 2589 2580 2581 2577 2572 2565 2562 2566 2569 2565
2671 2690 2700 2699 2715 2742 2761 2764 2767 2771 2770 2764 2759 2754 2758 2766 2773 2781 2789 2796 2807 2818 2828 2839 2849 2858 2869 2880 2890 2900 2900 2899 2896 2894 2890 2886 2883 2878 2872 2866 2859 2851 2844 2832 2820 2820 2820 2824 2820 2800 2794 2777 2756 2737 2718 2703 2690 2678 2667 2657 2649 2640 2631 2621 2616 2612 2607 2603 2599 2600 2603 2606 2608 2607 2600 2591 2589 2586 2582 2576 2571 2577 2582 2580
2666 2702 2722 2729 2739 2751 2765 2779 2786 2789 2793 2794 2784 2776 2778 2784 2789 2793 2799 2811 2824 2835 2846 2855 2866 2876 2887 2898 2900 2900 2900 2900 2900 2897 2894 2890 2887 2884 2881 2874 2865 2853 2842 2824 2811 2820 2820 2822 2820 2800 2790 2769 2745 2720 2704 2692 2680 2670 2659 2652 2644 2638 2632 2627 2622 2617 2612 2608 2603 2607 2611 2615 2618 2616 2609 2601 2598 2594 2590 2586 2583 2590 2588 2585
2653 2689 2714 2736 2757 2771 2784 2797 2804 2810 2815 2819 2807 2799 2803 2808 2813 2819 2828 2837 2845 2853 2862 2870 2879 2889 2897 2905 2905 2904 2904 2904 2903 2902 2900 2894 2884 2879 2876 2867 2857 2846 2826 2808 2795 2791 2798 2808 2820 2814 2786 2764 2742 2720 2699 2685 2673 2663 2656 2649 2642 2638 2634 2630 2626 2622 2619 2616 2612 2614 2618 2622 2627 2629 2625 2619 2615 2612 2608 2602 2598 2595 2591 2588
2647 2663 2690 2710 2735 2759 2783 2804 2814 2824 2836 2843 2845 2844 2841 2840 2841 2845 2849 2856 2863 2868 2875 2882 2888 2895 2909 2923 2920 2917 2913 2910 2907 2905 2903 2901 2888 2878 2871 2864 2855 2845 2826 2804 2790 2780 2780 2780 2784 2788 2775 2753 2732 2709 2690 2678 2668 2659 2654 2649 2643 2639 2634 2631 2627 2623 2620 2619 2620 2623 2627 2631 2634 2640 2636 2627 2620 2616 2611 2606 2602 2597 2592 2587
2651 2666 2683 2701 2713 2729 2743 2759 2774 2789 2811 2835 2862 2862 2863 2866 2867 2871 2874 2878 2888 2899 2905 2910 2915 2919 2925 2937 2920 2917 2915 2912 2910 2907 2903 2900 2894 2888 2882 2867 2856 2848 2836 2813 2795 2779 2773 2766 2761 2751 2740 2725 2707 2692 2680 2675 2670 2665 2660 2661 2662 2663 2661 2652 2640 2627 2620 2621 2624 2628 2630 2634 2637 2638 2633 2628 2622 2616 2610 2604 2600 2599 2597 2596
2648 2658 2671 2683 2693 2706 2721 2735 2750 2767 2781 2795 2815 2828 2842 2860 2872 2885 2897 2902 2912 2921 2929 2935 2941 2944 2941 2941 2931 2919 2917 2915 2913 2910 2905 2900 2894 2888 2881 2870 2859 2851 2843 2820 2797 2787 2776 2760 2747 2732 2718 2707 2697 2687 2680 2679 2677 2676 2675 2680 2680 2681 2680 2660 2641 2633 2627 2628 2630 2632 2634 2637 2639 2640 2630 2620 2618 2614 2611 2607 2604 2599 2597 2600
