sample/alps_02.asc
ncols        254
nrows        122
xllcorner    9.733472222223
yllcorner    46.527083333334
cellsize     0.000277777778
NODATA_value -9999
[rows 38 to 75 of 122, columns 0 to 83 of 254]
2949 2937 2926 2916 2911 2905 2900 2892 2883 2874 2864 2855 2847 2840 2837 2835 2833 2830 2828 2826 2823 2821 2817 2812 2808 2803 2798 2791 2784 2779 2776 2773 2775 2778 2780 2788 2790 2790 2790 2790 2786 2780 2758 2739 2730 2723 2710 2699 2694 2689 2689 2691 2690 2689 2691 2701 2705 2709 2701 2697 2700 2703 2706 2712 2715 2720 2724 2725 2725 2724 2722 2719 2717 2714 2706 2694 2684 2673 2663 2654 2644 2633 2623 2612
2960 2949 2937 2925 2916 2907 2899 2890 2880 2872 2864 2856 2850 2842 2838 2836 2833 2831 2828 2825 2823 2820 2815 2811 2806 2801 2797 2792 2787 2782 2776 2770 2773 2776 2780 2785 2790 2790 2787 2782 2774 2762 2747 2729 2714 2702 2694 2685 2678 2673 2674 2675 2673 2672 2672 2674 2674 2676 2678 2679 2680 2684 2688 2691 2696 2699 2704 2710 2711 2710 2709 2708 2705 2702 2693 2682 2674 2666 2655 2644 2634 2623 2613 2600
2969 2956 2943 2931 2921 2907 2898 2890 2883 2875 2868 2859 2852 2845 2839 2837 2834 2832 2829 2826 2824 2821 2814 2807 2800 2797 2794 2790 2786 2782 2777 2771 2769 2772 2774 2778 2778 2772 2768 2760 2756 2739 2730 2719 2705 2693 2682 2675 2668 2661 2660 2660 2657 2657 2657 2657 2659 2660 2661 2664 2666 2668 2673 2675 2677 2678 2682 2686 2688 2690 2691 2693 2690 2683 2677 2670 2663 2656 2644 2632 2621 2609 2597 2585
2976 2965 2952 2938 2925 2911 2899 2894 2888 2882 2876 2867 2858 2849 2840 2837 2835 2832 2830 2827 2824 2822 2815 2808 2800 2798 2798 2792 2790 2787 2783 2780 2773 2766 2767 2768 2768 2763 2755 2745 2737 2723 2710 2699 2691 2682 2668 2659 2657 2654 2651 2649 2647 2643 2642 2640 2639 2641 2643 2645 2647 2651 2654 2656 2660 2662 2664 2667 2670 2674 2676 2679 2679 2673 2667 2661 2654 2645 2636 2621 2606 2595 2583 2570
2981 2972 2959 2947 2934 2919 2905 2898 2894 2888 2883 2874 2864 2855 2845 2839 2836 2833 2830 2827 2824 2822 2818 2815 2812 2808 2805 2802 2798 2795 2791 2787 2783 2778 2772 2767 2762 2753 2742 2734 2727 2714 2700 2691 2681 2673 2665 2658 2653 2647 2642 2639 2638 2635 2632 2629 2627 2627 2627 2627 2629 2632 2634 2636 2640 2642 2644 2648 2651 2653 2658 2660 2662 2659 2653 2646 2640 2630 2619 2605 2592 2579 2566 2554
2984 2979 2970 2958 2945 2933 2921 2907 2899 2896 2892 2883 2873 2863 2853 2843 2837 2831 2827 2821 2818 2813 2809 2803 2800 2800 2800 2799 2798 2797 2795 2793 2791 2788 2785 2781 2774 2760 2744 2728 2716 2706 2696 2686 2678 2670 2663 2655 2648 2640 2635 2629 2627 2623 2620 2618 2615 2614 2612 2612 2612 2614 2617 2619 2622 2622 2623 2625 2629 2631 2635 2642 2643 2644 2636 2629 2620 2611 2603 2593 2579 2564 2551 2537
3007 2999 2988 2980 2969 2958 2944 2934 2923 2909 2899 2895 2888 2881 2875 2869 2863 2853 2847 2842 2834 2829 2823 2816 2809 2803 2800 2800 2800 2800 2800 2799 2798 2798 2792 2786 2780 2762 2744 2730 2715 2704 2693 2682 2675 2669 2662 2655 2647 2645 2643 2641 2633 2626 2617 2609 2601 2600 2599 2598 2598 2599 2600 2602 2604 2602 2606 2608 2610 2612 2615 2620 2623 2621 2618 2605 2594 2586 2577 2566 2552 2539 2526 2512
3024 3016 3009 3001 2996 2990 2984 2977 2964 2950 2937 2923 2909 2898 2893 2887 2882 2876 2870 2864 2861 2851 2842 2836 2829 2822 2816 2809 2804 2804 2804 2803 2802 2801 2797 2789 2780 2764 2744 2725 2713 2701 2691 2680 2674 2668 2663 2656 2653 2650 2646 2643 2636 2628 2620 2612 2604 2594 2587 2586 2585 2587 2587 2588 2589 2587 2592 2596 2599 2600 2601 2602 2606 2600 2599 2588 2575 2562 2549 2539 2527 2515 2504 2495
3019 3030 3031 3023 3013 3005 2996 2983 2973 2963 2952 2943 2934 2921 2910 2900 2897 2894 2891 2888 2887 2878 2868 2857 2848 2839 2830 2822 2817 2813 2810 2807 2804 2801 2794 2784 2768 2754 2737 2712 2699 2691 2682 2678 2673 2669 2665 2661 2661 2661 2656 2648 2640 2631 2620 2609 2599 2590 2581 2572 2573 2573 2573 2572 2573 2572 2576 2580 2585 2589 2588 2587 2585 2582 2577 2564 2549 2537 2521 2514 2508 2500 2491 2482
2988 3000 3004 3005 3015 3012 3002 2986 2978 2973 2968 2963 2959 2948 2937 2925 2921 2917 2914 2910 2912 2904 2900 2896 2889 2883 2855 2833 2820 2817 2814 2810 2805 2797 2786 2776 2760 2745 2727 2707 2695 2685 2679 2675 2672 2669 2666 2663 2661 2661 2661 2653 2645 2635 2620 2607 2596 2586 2577 2567 2558 2558 2558 2558 2558 2558 2562 2566 2571 2576 2576 2570 2565 2559 2552 2538 2524 2512 2500 2495 2486 2477 2467 2459
2958 2962 2966 2978 2990 2991 2989 2979 2973 2968 2963 2958 2953 2948 2949 2949 2946 2942 2938 2934 2935 2922 2912 2902 2899 2900 2893 2864 2835 2820 2818 2813 2803 2794 2784 2772 2756 2738 2727 2715 2701 2693 2684 2678 2675 2672 2668 2665 2661 2661 2661 2655 2646 2635 2620 2602 2593 2584 2573 2564 2554 2544 2544 2543 2543 2540 2544 2549 2554 2560 2557 2549 2543 2535 2527 2514 2504 2494 2487 2477 2468 2459 2449 2441
2930 2935 2938 2942 2947 2948 2949 2947 2945 2942 2938 2933 2929 2926 2928 2934 2943 2951 2959 2958 2954 2944 2932 2923 2914 2905 2895 2877 2859 2840 2829 2819 2812 2804 2796 2782 2769 2749 2732 2720 2710 2700 2693 2686 2680 2675 2670 2665 2660 2655 2649 2644 2636 2626 2614 2603 2592 2582 2572 2562 2552 2542 2532 2528 2528 2525 2519 2526 2532 2538 2543 2533 2523 2514 2504 2493 2485 2476 2468 2457 2448 2437 2426 2418
2903 2906 2908 2900 2903 2909 2912 2914 2919 2918 2914 2911 2907 2903 2908 2917 2925 2935 2943 2951 2960 2969 2958 2944 2929 2912 2898 2885 2870 2856 2842 2830 2817 2809 2802 2792 2780 2762 2743 2730 2719 2709 2700 2692 2684 2676 2669 2661 2655 2649 2643 2635 2627 2618 2610 2600 2589 2580 2568 2556 2544 2534 2523 2514 2511 2510 2502 2500 2510 2519 2527 2519 2509 2498 2488 2479 2469 2459 2450 2439 2428 2418 2407 2400
2882 2881 2881 2880 2880 2884 2890 2894 2900 2896 2893 2890 2892 2892 2895 2901 2911 2922 2932 2943 2954 2964 2975 2953 2932 2912 2894 2881 2868 2855 2842 2828 2818 2811 2804 2795 2783 2771 2760 2748 2735 2722 2710 2698 2689 2680 2670 2660 2654 2645 2637 2628 2619 2610 2602 2592 2581 2571 2560 2549 2539 2528 2517 2506 2497 2492 2486 2485 2489 2494 2507 2503 2494 2483 2473 2462 2450 2440 2431 2419 2409 2400 2393 2384
2865 2865 2863 2861 2864 2866 2868 2873 2872 2869 2872 2870 2875 2879 2884 2891 2897 2906 2922 2936 2950 2963 2979 2960 2939 2919 2899 2883 2867 2850 2838 2831 2823 2815 2805 2797 2787 2778 2764 2752 2742 2729 2716 2703 2689 2677 2669 2660 2652 2643 2633 2623 2614 2604 2593 2583 2573 2563 2553 2542 2533 2523 2513 2502 2488 2475 2467 2465 2465 2471 2485 2476 2466 2459 2449 2439 2430 2420 2410 2403 2395 2387 2379 2371
2851 2849 2847 2845 2847 2849 2849 2850 2847 2845 2850 2854 2855 2861 2869 2876 2883 2891 2898 2913 2931 2948 2963 2964 2941 2919 2898 2881 2864 2847 2836 2828 2820 2813 2807 2800 2792 2783 2770 2756 2743 2729 2716 2700 2689 2679 2668 2658 2649 2638 2628 2618 2609 2598 2588 2578 2569 2559 2549 2539 2529 2519 2509 2499 2485 2469 2454 2437 2439 2443 2457 2460 2449 2438 2428 2417 2406 2399 2391 2382 2374 2366 2358 2350
2835 2834 2833 2832 2833 2835 2832 2832 2832 2828 2826 2836 2844 2851 2859 2867 2874 2882 2889 2897 2910 2928 2946 2956 2950 2929 2907 2887 2868 2848 2833 2822 2816 2812 2807 2803 2796 2786 2772 2756 2737 2722 2708 2695 2683 2672 2662 2651 2640 2632 2623 2614 2605 2595 2584 2574 2563 2552 2541 2531 2520 2509 2498 2484 2471 2456 2442 2426 2415 2420 2439 2438 2429 2418 2408 2398 2389 2380 2372 2364 2357 2349 2341 2334
2822 2821 2820 2820 2820 2821 2820 2820 2822 2817 2808 2810 2820 2829 2839 2848 2858 2867 2877 2886 2896 2912 2929 2928 2925 2924 2912 2889 2867 2845 2830 2819 2813 2807 2801 2795 2787 2780 2766 2750 2736 2724 2710 2696 2678 2666 2655 2644 2636 2627 2618 2611 2602 2592 2581 2569 2559 2547 2537 2526 2515 2506 2493 2477 2462 2445 2429 2414 2399 2401 2412 2414 2406 2397 2388 2379 2371 2362 2356 2348 2341 2334 2327 2319
2815 2814 2813 2811 2810 2812 2812 2811 2807 2800 2797 2795 2803 2814 2825 2835 2846 2856 2867 2878 2888 2898 2908 2900 2899 2898 2895 2884 2861 2839 2825 2812 2801 2796 2790 2785 2778 2768 2760 2751 2741 2731 2720 2698 2676 2663 2649 2637 2628 2619 2610 2600 2590 2579 2567 2555 2544 2532 2520 2510 2498 2485 2472 2460 2447 2434 2421 2407 2396 2385 2387 2391 2385 2378 2368 2360 2352 2345 2339 2333 2327 2321 2314 2309
2809 2807 2804 2801 2801 2802 2802 2801 2798 2792 2786 2786 2793 2800 2812 2822 2832 2843 2853 2863 2875 2880 2880 2870 2874 2872 2865 2859 2848 2835 2822 2812 2803 2796 2790 2785 2777 2765 2756 2748 2740 2727 2711 2693 2676 2660 2646 2635 2626 2617 2608 2599 2586 2572 2557 2545 2532 2518 2503 2494 2482 2470 2460 2449 2438 2428 2417 2406 2395 2383 2370 2371 2365 2357 2349 2342 2334 2326 2322 2315 2308 2303 2300 2298
2804 2802 2799 2798 2797 2796 2796 2796 2790 2783 2780 2780 2782 2788 2794 2802 2811 2820 2832 2842 2850 2846 2840 2843 2844 2846 2843 2840 2833 2824 2817 2810 2803 2795 2787 2778 2769 2759 2747 2737 2728 2718 2706 2688 2665 2650 2640 2629 2617 2606 2595 2582 2568 2554 2542 2528 2514 2501 2488 2476 2464 2452 2440 2428 2415 2403 2395 2388 2381 2373 2366 2358 2351 2345 2337 2329 2323 2316 2310 2304 2300 2297 2295 2293
2803 2800 2797 2792 2790 2790 2787 2784 2783 2781 2780 2779 2777 2776 2781 2789 2795 2797 2800 2805 2810 2812 2815 2816 2818 2821 2822 2821 2817 2812 2806 2800 2792 2784 2777 2768 2760 2740 2733 2724 2710 2694 2683 2667 2653 2640 2630 2619 2608 2596 2583 2569 2556 2543 2529 2515 2500 2488 2475 2464 2452 2439 2427 2416 2404 2395 2388 2380 2372 2365 2357 2349 2341 2336 2330 2324 2319 2316 2313 2311 2308 2304 2301 2291
2803 2801 2801 2797 2789 2783 2782 2780 2777 2776 2775 2773 2771 2770 2775 2778 2777 2779 2780 2782 2785 2787 2789 2793 2795 2797 2801 2801 2799 2797 2789 2782 2776 2769 2764 2754 2737 2728 2718 2707 2695 2680 2667 2655 2645 2632 2622 2610 2596 2581 2569 2555 2539 2526 2511 2497 2484 2472 2459 2446 2432 2420 2407 2397 2389 2383 2376 2368 2361 2353 2345 2339 2331 2326 2323 2319 2316 2314 2311 2308 2305 2302 2292 2280
2803 2802 2801 2794 2786 2780 2776 2772 2768 2766 2765 2763 2763 2764 2769 2769 2763 2759 2756 2758 2761 2764 2767 2770 2772 2775 2779 2784 2785 2788 2781 2773 2763 2753 2742 2729 2720 2711 2702 2693 2683 2670 2657 2647 2636 2624 2611 2599 2586 2571 2557 2543 2528 2514 2499 2485 2470 2456 2442 2428 2413 2400 2391 2384 2376 2367 2360 2352 2344 2336 2327 2320 2319 2317 2315 2314 2310 2307 2303 2300 2300 2297 2293 2290
2802 2801 2795 2786 2778 2771 2763 2763 2760 2760 2758 2760 2760 2759 2762 2760 2752 2742 2740 2738 2737 2740 2746 2749 2754 2758 2762 2768 2774 2778 2772 2764 2755 2743 2730 2716 2705 2697 2690 2683 2675 2665 2652 2638 2626 2614 2602 2587 2573 2557 2543 2529 2512 2497 2484 2471 2456 2442 2430 2415 2400 2393 2384 2376 2368 2359 2351 2344 2335 2327 2320 2317 2315 2312 2311 2310 2306 2303 2299 2297 2294 2291 2289 2286
2802 2797 2788 2780 2772 2764 2758 2755 2753 2751 2752 2755 2755 2752 2753 2749 2742 2735 2728 2724 2722 2725 2729 2732 2734 2737 2740 2748 2756 2762 2762 2756 2748 2738 2720 2708 2696 2689 2682 2670 2660 2651 2640 2625 2610 2595 2580 2563 2546 2529 2514 2499 2486 2475 2463 2450 2439 2426 2414 2404 2394 2385 2378 2369 2360 2352 2343 2334 2326 2319 2317 2314 2311 2308 2306 2304 2303 2301 2297 2292 2287 2282 2279 2279
2795 2786 2776 2762 2757 2753 2749 2746 2745 2745 2744 2748 2749 2746 2743 2738 2734 2729 2724 2720 2720 2720 2720 2720 2720 2724 2730 2736 2737 2738 2736 2727 2722 2712 2699 2691 2680 2672 2664 2654 2644 2632 2619 2606 2591 2576 2560 2544 2529 2513 2498 2486 2474 2462 2450 2439 2425 2414 2403 2394 2385 2376 2369 2359 2351 2342 2333 2324 2319 2315 2311 2308 2304 2302 2300 2299 2301 2296 2289 2282 2280 2276 2272 2270
2781 2777 2770 2763 2756 2749 2742 2739 2737 2738 2739 2741 2743 2740 2735 2730 2727 2722 2722 2720 2718 2716 2714 2711 2711 2716 2720 2725 2723 2718 2711 2703 2694 2687 2679 2672 2666 2657 2648 2638 2626 2615 2604 2590 2575 2561 2546 2529 2514 2500 2486 2473 2460 2447 2435 2422 2409 2399 2390 2382 2375 2366 2358 2350 2341 2333 2325 2319 2314 2309 2304 2300 2297 2296 2295 2295 2297 2291 2286 2280 2270 2264 2261 2260
2768 2765 2760 2755 2750 2745 2740 2734 2728 2728 2730 2734 2738 2734 2730 2726 2721 2718 2716 2713 2711 2708 2706 2703 2701 2705 2708 2712 2713 2709 2700 2693 2686 2675 2663 2658 2653 2646 2640 2627 2614 2601 2588 2574 2561 2547 2535 2521 2508 2495 2480 2466 2452 2439 2424 2411 2399 2390 2382 2373 2363 2355 2347 2338 2328 2320 2317 2311 2306 2301 2299 2296 2293 2291 2290 2289 2291 2287 2282 2274 2263 2258 2255 2253
2760 2758 2754 2750 2747 2743 2738 2732 2725 2720 2720 2724 2727 2724 2722 2720 2716 2716 2713 2707 2700 2697 2693 2690 2687 2690 2694 2697 2700 2699 2694 2687 2681 2667 2657 2651 2646 2640 2627 2613 2598 2585 2571 2557 2545 2530 2516 2502 2488 2476 2462 2449 2435 2424 2409 2397 2388 2380 2370 2361 2352 2343 2334 2325 2318 2314 2310 2305 2300 2298 2295 2293 2290 2287 2285 2284 2286 2283 2277 2270 2262 2253 2246 2243
2758 2755 2752 2748 2744 2740 2735 2728 2721 2716 2712 2714 2718 2715 2717 2718 2720 2720 2720 2714 2704 2694 2684 2680 2680 2680 2679 2679 2680 2680 2681 2682 2665 2653 2642 2633 2626 2615 2605 2595 2582 2566 2553 2539 2524 2511 2497 2484 2472 2459 2446 2433 2421 2408 2397 2388 2380 2372 2363 2354 2346 2337 2328 2320 2315 2309 2304 2299 2295 2293 2291 2287 2284 2281 2279 2280 2280 2275 2269 2264 2253 2248 2253 2257
2763 2758 2753 2748 2743 2737 2731 2726 2720 2713 2707 2705 2705 2702 2706 2710 2715 2717 2711 2706 2700 2694 2687 2680 2675 2670 2666 2662 2658 2654 2650 2646 2642 2636 2628 2619 2609 2600 2587 2573 2561 2547 2532 2519 2505 2492 2479 2468 2455 2443 2430 2417 2406 2397 2388 2382 2375 2368 2360 2352 2345 2337 2330 2322 2313 2304 2298 2294 2290 2286 2282 2279 2275 2272 2269 2266 2265 2262 2261 2253 2249 2255 2260 2263
2760 2756 2753 2749 2744 2739 2732 2726 2717 2708 2700 2697 2696 2695 2698 2701 2705 2706 2700 2698 2693 2689 2685 2680 2670 2660 2655 2649 2643 2637 2631 2625 2620 2613 2607 2601 2590 2576 2564 2552 2538 2524 2510 2498 2487 2473 2462 2449 2436 2423 2411 2399 2392 2386 2379 2372 2367 2360 2353 2347 2340 2334 2327 2320 2310 2300 2293 2286 2279 2276 2273 2270 2266 2263 2260 2257 2254 2252 2249 2252 2258 2263 2267 2269
2754 2749 2745 2740 2737 2734 2730 2725 2720 2709 2698 2689 2688 2687 2690 2693 2697 2699 2695 2692 2688 2685 2682 2675 2665 2654 2645 2638 2631 2625 2621 2616 2609 2603 2593 2581 2567 2553 2541 2527 2513 2499 2488 2476 2464 2454 2442 2431 2420 2408 2398 2391 2383 2375 2368 2359 2352 2345 2336 2329 2320 2320 2318 2311 2304 2297 2291 2285 2280 2276 2271 2267 2262 2258 2255 2251 2253 2255 2258 2261 2266 2270 2272 2275
2757 2750 2743 2738 2734 2730 2727 2722 2716 2707 2697 2688 2681 2680 2680 2682 2685 2686 2684 2682 2682 2680 2675 2668 2660 2652 2642 2635 2628 2622 2616 2609 2603 2592 2580 2567 2555 2543 2530 2517 2504 2491 2477 2466 2453 2439 2427 2414 2402 2394 2387 2379 2372 2365 2358 2351 2344 2336 2328 2320 2319 2317 2315 2307 2300 2293 2286 2280 2276 2272 2267 2263 2259 2256 2253 2255 2257 2260 2264 2268 2273 2278 2279 2278
2758 2752 2746 2740 2734 2729 2724 2717 2704 2697 2687 2678 2672 2670 2670 2670 2671 2671 2668 2668 2666 2662 2659 2654 2648 2643 2636 2629 2624 2616 2610 2603 2592 2579 2567 2557 2543 2530 2518 2505 2492 2478 2464 2451 2438 2424 2411 2399 2393 2386 2380 2373 2367 2361 2354 2347 2341 2334 2327 2320 2317 2314 2310 2304 2298 2286 2278 2276 2277 2271 2265 2260 2258 2255 2256 2259 2264 2269 2274 2278 2281 2285 2286 2288
2756 2752 2748 2743 2736 2726 2716 2707 2698 2691 2683 2675 2666 2660 2659 2657 2654 2651 2649 2647 2645 2643 2641 2637 2632 2627 2623 2617 2612 2607 2601 2591 2580 2569 2557 2546 2534 2523 2511 2499 2485 2472 2458 2444 2431 2417 2400 2395 2389 2382 2377 2371 2365 2358 2351 2345 2339 2333 2326 2320 2315 2311 2306 2304 2300 2293 2286 2279 2277 2272 2265 2260 2256 2257 2259 2264 2273 2278 2281 2285 2289 2293 2294 2297
2754 2750 2747 2742 2735 2724 2710 2699 2690 2681 2675 2670 2664 2658 2653 2648 2643 2639 2640 2637 2633 2631 2627 2623 2619 2616 2613 2609 2605 2600 2590 2579 2567 2555 2545 2533 2522 2511 2500 2488 2473 2458 2445 2431 2417 2403 2395 2387 2380 2374 2367 2359 2353 2346 2339 2334 2328 2322 2318 2314 2310 2306 2302 2296 2290 2283 2279 2274 2270 2266 2261 2259 2257 2259 2268 2278 2283 2286 2290 2293 2297 2302 2306 2312
