sample/alps_06.asc
ncols        437
nrows        274
xllcorner    9.825138888890
yllcorner    46.682361111112
cellsize     0.000277777778
NODATA_value -9999
[rows 0 to 37 of 274, columns 168 to 251 of 437]
2427 2419 2409 2398 2388 2378 2369 2360 2345 2332 2316 2296 2280 2270 2257 2248 2238 2232 2225 2218 2213 2207 2201 2187 2172 2159 2151 2144 2139 2136 2135 2135 2139 2139 2141 2141 2141 2136 2129 2122 2113 2101 2095 2093 2092 2088 2085 2080 2070 2060 2050 2040 2028 2015 2001 1990 1978 1965 1950 1936 1922 1908 1895 1884 1870 1856 1843 1830 1818 1808 1799 1793 1786 1780 1774 1768 1762 1757 1753 1750 1750 1753 1758 1763
2418 2407 2397 2387 2378 2368 2358 2345 2332 2320 2302 2287 2273 2262 2251 2242 2235 2228 2221 2214 2207 2200 2190 2179 2168 2159 2154 2147 2143 2139 2141 2143 2145 2145 2147 2146 2143 2141 2133 2126 2119 2112 2107 2104 2102 2100 2094 2085 2076 2067 2058 2048 2037 2023 2013 2001 1989 1973 1959 1944 1929 1913 1895 1883 1872 1860 1848 1836 1824 1814 1805 1798 1793 1788 1783 1777 1770 1763 1758 1755 1752 1751 1755 1758
2412 2399 2390 2379 2369 2357 2343 2329 2317 2306 2293 2278 2264 2255 2245 2237 2229 2222 2215 2209 2202 2195 2186 2178 2170 2161 2157 2153 2149 2147 2148 2150 2152 2154 2155 2153 2150 2147 2143 2137 2130 2123 2119 2120 2114 2107 2102 2090 2078 2071 2064 2054 2043 2031 2018 2006 1993 1977 1960 1944 1933 1924 1911 1895 1877 1865 1854 1844 1834 1825 1818 1812 1806 1800 1793 1787 1781 1774 1766 1760 1757 1755 1757 1758
2407 2395 2383 2371 2360 2349 2337 2320 2307 2292 2279 2269 2258 2249 2240 2234 2228 2222 2215 2209 2201 2193 2185 2179 2173 2167 2162 2159 2157 2157 2156 2157 2158 2159 2160 2160 2158 2153 2149 2144 2140 2136 2133 2128 2123 2119 2104 2096 2088 2082 2073 2062 2050 2036 2022 2004 1991 1978 1971 1963 1954 1945 1931 1910 1893 1879 1867 1856 1844 1836 1829 1822 1816 1809 1803 1795 1787 1779 1773 1767 1761 1759 1759 1759
2400 2389 2378 2367 2355 2343 2330 2315 2300 2289 2278 2267 2257 2248 2240 2233 2227 2220 2213 2205 2197 2189 2181 2177 2173 2170 2166 2163 2165 2164 2164 2164 2164 2165 2164 2165 2164 2165 2166 2161 2156 2151 2145 2140 2133 2126 2117 2103 2095 2089 2082 2071 2056 2040 2026 2016 2010 2004 1994 1982 1971 1958 1943 1926 1907 1892 1880 1867 1858 1849 1842 1836 1827 1820 1811 1802 1793 1784 1777 1773 1768 1762 1759 1759
2394 2383 2373 2362 2352 2342 2325 2313 2302 2288 2276 2260 2253 2245 2238 2231 2224 2216 2209 2200 2193 2186 2180 2179 2178 2177 2176 2174 2174 2176 2179 2176 2175 2174 2174 2175 2177 2178 2180 2178 2172 2164 2158 2152 2145 2139 2127 2114 2101 2095 2087 2079 2068 2058 2051 2044 2035 2026 2015 2002 1988 1974 1960 1947 1927 1907 1894 1883 1873 1864 1854 1847 1838 1827 1817 1806 1797 1789 1782 1777 1773 1769 1763 1759
2384 2375 2367 2358 2348 2335 2318 2308 2297 2284 2273 2260 2251 2241 2235 2229 2223 2216 2208 2200 2193 2187 2180 2180 2180 2180 2183 2187 2190 2194 2198 2191 2186 2186 2187 2190 2192 2194 2193 2188 2183 2179 2174 2168 2163 2157 2140 2125 2113 2101 2094 2088 2081 2074 2067 2060 2049 2041 2027 2012 1997 1983 1971 1956 1939 1918 1906 1895 1885 1877 1868 1858 1845 1834 1824 1817 1809 1800 1794 1788 1782 1778 1773 1769
2373 2362 2354 2348 2341 2329 2314 2304 2291 2279 2268 2257 2248 2239 2234 2228 2222 2215 2210 2203 2196 2192 2188 2187 2190 2193 2195 2197 2200 2202 2205 2201 2200 2197 2197 2199 2202 2210 2212 2210 2206 2200 2194 2186 2177 2167 2156 2141 2127 2117 2110 2103 2097 2091 2085 2075 2064 2053 2041 2028 2013 1995 1985 1972 1955 1935 1923 1910 1900 1893 1885 1876 1863 1853 1842 1834 1825 1815 1807 1799 1794 1789 1784 1779
2372 2359 2349 2340 2332 2323 2310 2298 2287 2276 2264 2255 2247 2240 2235 2229 2225 2220 2212 2203 2200 2200 2200 2199 2201 2203 2206 2208 2210 2211 2213 2213 2209 2202 2208 2215 2221 2226 2230 2228 2224 2218 2210 2202 2192 2183 2173 2159 2147 2135 2126 2119 2113 2107 2100 2091 2080 2068 2053 2039 2027 2014 1997 1984 1966 1953 1939 1928 1917 1908 1906 1905 1887 1874 1865 1853 1841 1830 1820 1813 1806 1799 1795 1791
2376 2360 2350 2340 2330 2319 2304 2291 2280 2272 2263 2255 2248 2242 2237 2232 2226 2222 2219 2215 2213 2214 2214 2213 2213 2214 2216 2218 2220 2219 2220 2222 2219 2213 2220 2228 2236 2243 2243 2239 2238 2232 2225 2220 2211 2202 2189 2177 2167 2157 2146 2137 2131 2125 2117 2107 2097 2085 2068 2051 2036 2023 2010 1998 1991 1980 1960 1950 1938 1928 1927 1925 1917 1900 1891 1884 1873 1853 1837 1828 1819 1813 1807 1802
2373 2360 2349 2337 2324 2312 2299 2289 2279 2269 2260 2254 2248 2242 2237 2233 2229 2224 2222 2223 2224 2225 2226 2226 2227 2226 2227 2226 2226 2227 2228 2228 2224 2227 2233 2240 2248 2256 2257 2254 2249 2245 2242 2236 2229 2220 2205 2192 2180 2172 2165 2161 2154 2144 2131 2121 2112 2103 2085 2062 2041 2037 2036 2024 2012 2000 1978 1964 1956 1951 1946 1941 1933 1926 1920 1906 1893 1877 1859 1846 1835 1826 1817 1810
2369 2356 2345 2333 2322 2310 2298 2287 2279 2269 2260 2255 2250 2245 2240 2236 2232 2228 2228 2230 2231 2233 2235 2238 2240 2238 2239 2238 2236 2235 2235 2236 2237 2238 2242 2249 2255 2263 2272 2276 2266 2260 2253 2248 2243 2235 2223 2210 2199 2193 2187 2182 2172 2161 2148 2135 2124 2110 2091 2075 2065 2062 2048 2032 2016 2002 1992 1980 1969 1959 1955 1950 1945 1940 1926 1912 1901 1884 1867 1854 1843 1832 1822 1814
2371 2358 2344 2331 2318 2307 2296 2285 2276 2267 2259 2254 2249 2244 2240 2237 2235 2233 2235 2238 2240 2243 2246 2251 2249 2247 2247 2245 2245 2246 2248 2250 2252 2255 2256 2259 2266 2274 2282 2294 2285 2279 2272 2267 2258 2246 2236 2226 2218 2213 2206 2200 2189 2177 2163 2150 2137 2120 2107 2095 2088 2079 2071 2063 2050 2034 2018 2003 1988 1978 1969 1962 1956 1948 1940 1926 1911 1900 1879 1869 1860 1845 1831 1819
2369 2356 2343 2329 2315 2303 2290 2279 2271 2262 2257 2252 2248 2244 2240 2240 2239 2238 2239 2243 2247 2251 2256 2261 2257 2254 2255 2257 2261 2264 2267 2269 2272 2275 2278 2281 2288 2294 2308 2318 2304 2300 2295 2285 2278 2266 2253 2243 2235 2225 2217 2211 2203 2195 2183 2168 2152 2138 2126 2112 2102 2095 2086 2078 2065 2050 2034 2020 2002 1992 1982 1974 1966 1957 1945 1932 1919 1907 1893 1882 1866 1851 1838 1827
2371 2355 2337 2322 2308 2296 2287 2277 2267 2260 2256 2253 2250 2247 2245 2245 2245 2246 2249 2253 2257 2260 2264 2268 2264 2263 2267 2273 2278 2282 2286 2291 2293 2295 2297 2299 2306 2316 2330 2347 2334 2321 2315 2308 2298 2286 2276 2265 2254 2242 2234 2227 2219 2210 2200 2181 2167 2152 2137 2128 2119 2109 2100 2092 2084 2071 2054 2037 2021 2011 1998 1987 1977 1966 1959 1954 1949 1942 1933 1912 1893 1877 1857 1840
2363 2352 2336 2320 2306 2293 2280 2271 2262 2259 2257 2255 2253 2251 2250 2250 2250 2253 2258 2262 2266 2269 2273 2275 2275 2277 2282 2288 2296 2303 2309 2310 2312 2314 2317 2319 2329 2346 2367 2371 2358 2345 2335 2327 2319 2311 2303 2291 2278 2263 2251 2240 2231 2221 2209 2196 2179 2170 2160 2151 2141 2130 2118 2108 2098 2087 2074 2054 2037 2020 2011 2002 1995 1985 1979 1974 1967 1963 1954 1936 1914 1893 1869 1855
2367 2351 2332 2316 2300 2289 2278 2269 2260 2259 2258 2258 2257 2255 2255 2256 2257 2262 2269 2275 2280 2283 2286 2285 2288 2292 2298 2304 2314 2323 2330 2332 2332 2337 2345 2357 2370 2383 2395 2399 2384 2370 2358 2353 2348 2342 2333 2320 2297 2284 2271 2256 2245 2234 2221 2209 2198 2190 2183 2172 2160 2149 2137 2125 2114 2102 2088 2070 2045 2034 2026 2017 2010 2003 1995 1987 1980 1972 1964 1949 1924 1900 1878 1867
2364 2348 2331 2314 2301 2290 2280 2272 2265 2260 2260 2260 2261 2260 2259 2262 2267 2274 2280 2285 2291 2295 2300 2304 2306 2313 2321 2328 2334 2344 2351 2355 2361 2370 2377 2389 2401 2416 2425 2424 2411 2396 2379 2375 2370 2366 2361 2346 2329 2311 2293 2277 2260 2250 2238 2225 2216 2208 2200 2192 2178 2160 2149 2138 2128 2115 2098 2082 2060 2047 2038 2030 2023 2015 2007 1998 1990 1982 1964 1935 1917 1905 1890 1874
2359 2345 2331 2317 2302 2290 2280 2275 2269 2264 2268 2272 2276 2276 2274 2274 2277 2285 2294 2301 2306 2311 2316 2320 2324 2332 2343 2351 2357 2366 2376 2383 2391 2400 2410 2422 2431 2443 2453 2452 2440 2423 2408 2398 2392 2386 2379 2364 2348 2332 2318 2304 2285 2273 2261 2249 2238 2228 2217 2208 2197 2180 2162 2151 2138 2128 2116 2094 2077 2062 2052 2044 2036 2027 2019 2008 2000 1985 1972 1962 1947 1926 1908 1890
2358 2345 2331 2317 2305 2294 2283 2279 2275 2273 2278 2285 2292 2296 2294 2290 2292 2299 2306 2311 2317 2323 2329 2337 2346 2357 2367 2377 2385 2393 2403 2410 2411 2417 2427 2440 2451 2462 2477 2473 2462 2448 2432 2419 2408 2398 2389 2379 2365 2353 2344 2328 2307 2293 2279 2268 2257 2240 2231 2220 2205 2191 2176 2161 2151 2140 2126 2112 2097 2087 2074 2064 2054 2044 2032 2019 2010 2001 1986 1972 1962 1945 1930 1917
2354 2340 2330 2318 2304 2294 2285 2280 2280 2283 2288 2294 2300 2305 2304 2304 2307 2314 2322 2328 2333 2341 2347 2354 2360 2375 2385 2398 2407 2411 2415 2418 2425 2435 2445 2458 2474 2488 2500 2489 2475 2463 2448 2432 2419 2411 2403 2395 2388 2380 2358 2341 2321 2309 2297 2284 2272 2259 2246 2230 2218 2209 2195 2180 2166 2150 2134 2120 2117 2107 2096 2079 2069 2060 2045 2033 2024 2013 2000 1989 1976 1960 1939 1926
2353 2343 2330 2317 2306 2295 2286 2282 2285 2289 2295 2300 2306 2312 2314 2316 2321 2328 2333 2341 2354 2362 2374 2383 2390 2396 2404 2411 2413 2414 2416 2418 2426 2440 2455 2472 2486 2500 2500 2501 2491 2476 2461 2448 2433 2422 2413 2405 2398 2391 2382 2358 2338 2326 2315 2298 2282 2273 2263 2253 2239 2228 2218 2198 2186 2163 2151 2142 2142 2133 2113 2099 2084 2069 2057 2047 2036 2024 2014 2004 1990 1973 1954 1938
2347 2336 2326 2314 2302 2293 2286 2287 2288 2293 2298 2304 2312 2320 2322 2326 2331 2336 2342 2356 2364 2370 2375 2381 2387 2393 2398 2403 2407 2410 2413 2417 2424 2440 2456 2473 2488 2500 2510 2520 2505 2491 2477 2465 2448 2437 2430 2423 2417 2408 2399 2388 2365 2342 2328 2314 2298 2287 2277 2267 2259 2246 2233 2220 2206 2190 2177 2167 2157 2148 2137 2123 2098 2080 2072 2064 2054 2044 2034 2024 2011 1991 1968 1950
2344 2332 2320 2309 2298 2291 2291 2292 2293 2294 2300 2310 2319 2323 2328 2332 2336 2341 2349 2358 2364 2369 2374 2380 2385 2390 2395 2399 2402 2404 2407 2413 2424 2438 2452 2467 2481 2493 2507 2520 2520 2502 2488 2476 2464 2446 2437 2431 2426 2422 2414 2401 2386 2368 2347 2330 2314 2300 2290 2281 2272 2261 2250 2237 2226 2211 2199 2191 2181 2166 2151 2134 2115 2100 2089 2080 2073 2064 2055 2045 2032 2021 1992 1966
2342 2332 2320 2305 2297 2296 2297 2298 2298 2299 2303 2313 2321 2326 2332 2337 2343 2349 2356 2362 2366 2370 2374 2378 2382 2385 2388 2391 2394 2397 2401 2412 2420 2431 2442 2457 2473 2489 2503 2518 2523 2523 2515 2501 2476 2463 2455 2449 2443 2434 2423 2412 2401 2381 2365 2351 2336 2319 2300 2292 2280 2272 2262 2250 2238 2225 2213 2203 2193 2183 2169 2152 2129 2115 2105 2096 2088 2081 2072 2064 2051 2034 2010 1983
2346 2334 2323 2311 2299 2299 2299 2299 2299 2299 2307 2317 2324 2331 2337 2343 2347 2352 2356 2361 2366 2370 2374 2378 2381 2384 2387 2390 2393 2396 2399 2407 2416 2427 2438 2453 2470 2487 2504 2517 2527 2532 2522 2508 2493 2477 2464 2455 2447 2440 2430 2420 2407 2395 2380 2366 2350 2338 2322 2309 2297 2286 2275 2264 2253 2243 2229 2214 2203 2190 2177 2167 2155 2135 2117 2108 2099 2092 2083 2074 2064 2051 2035 2000
2347 2334 2321 2314 2306 2299 2299 2299 2299 2300 2307 2314 2321 2328 2335 2341 2348 2353 2358 2363 2367 2371 2375 2379 2382 2385 2388 2391 2394 2397 2400 2409 2417 2427 2436 2451 2469 2487 2504 2518 2531 2536 2529 2516 2502 2490 2480 2471 2461 2446 2434 2426 2415 2403 2389 2377 2367 2356 2343 2328 2314 2304 2291 2276 2266 2257 2244 2228 2212 2200 2191 2183 2176 2161 2140 2123 2113 2104 2095 2084 2073 2063 2044 2020
2352 2336 2325 2316 2308 2300 2299 2299 2299 2304 2310 2316 2324 2332 2340 2345 2350 2353 2358 2362 2367 2370 2374 2377 2381 2385 2388 2392 2396 2400 2407 2414 2420 2428 2436 2447 2465 2485 2500 2518 2532 2540 2535 2523 2513 2505 2494 2480 2468 2455 2440 2430 2420 2406 2392 2379 2370 2360 2351 2340 2328 2315 2304 2293 2283 2272 2262 2243 2232 2220 2212 2204 2193 2179 2154 2137 2125 2114 2104 2092 2077 2060 2046 2033
2353 2342 2330 2319 2309 2300 2299 2299 2300 2307 2314 2320 2328 2336 2342 2347 2352 2357 2361 2365 2368 2371 2375 2378 2382 2386 2390 2394 2398 2403 2409 2415 2421 2428 2436 2445 2457 2477 2492 2512 2533 2540 2538 2531 2522 2510 2495 2480 2466 2454 2444 2432 2419 2405 2393 2382 2374 2366 2358 2348 2337 2322 2309 2299 2290 2283 2272 2260 2249 2240 2229 2217 2205 2187 2168 2151 2135 2125 2116 2107 2097 2087 2076 2060
2358 2343 2328 2317 2310 2303 2299 2302 2306 2311 2316 2322 2330 2337 2343 2348 2353 2357 2361 2364 2368 2371 2374 2377 2381 2386 2390 2395 2400 2405 2410 2414 2420 2426 2434 2443 2456 2470 2487 2506 2524 2540 2540 2540 2534 2523 2508 2493 2481 2458 2448 2436 2422 2410 2400 2386 2377 2370 2364 2355 2342 2330 2319 2309 2300 2289 2279 2272 2265 2256 2240 2224 2211 2199 2184 2164 2149 2138 2130 2121 2112 2102 2089 2073
2359 2344 2330 2318 2311 2304 2301 2304 2309 2313 2317 2323 2330 2337 2343 2348 2353 2357 2361 2364 2368 2371 2374 2378 2381 2386 2390 2395 2400 2405 2411 2417 2423 2430 2437 2446 2456 2468 2481 2497 2511 2527 2540 2540 2540 2535 2523 2506 2489 2472 2454 2442 2429 2415 2402 2391 2382 2374 2368 2362 2354 2343 2332 2322 2313 2301 2293 2283 2273 2266 2257 2240 2225 2212 2196 2180 2163 2152 2142 2134 2124 2113 2102 2084
2365 2347 2331 2320 2314 2308 2305 2309 2312 2315 2319 2325 2329 2335 2340 2346 2353 2359 2363 2366 2370 2373 2376 2379 2383 2387 2391 2395 2399 2405 2411 2417 2424 2432 2440 2446 2452 2459 2472 2484 2494 2508 2525 2533 2540 2540 2536 2523 2506 2485 2462 2449 2435 2420 2405 2395 2386 2379 2373 2367 2360 2351 2342 2333 2323 2311 2298 2288 2279 2271 2263 2252 2238 2222 2207 2191 2178 2168 2157 2149 2140 2122 2108 2088
2367 2351 2338 2326 2317 2313 2309 2312 2314 2317 2320 2326 2332 2337 2343 2348 2354 2359 2362 2366 2369 2372 2375 2379 2382 2386 2390 2394 2398 2402 2408 2414 2420 2426 2432 2437 2445 2453 2460 2472 2483 2494 2506 2520 2534 2540 2534 2525 2509 2492 2475 2462 2445 2424 2408 2398 2392 2386 2380 2372 2365 2357 2341 2330 2320 2311 2301 2288 2277 2267 2258 2252 2242 2231 2218 2206 2194 2184 2172 2162 2151 2141 2128 2111
2371 2357 2342 2332 2322 2317 2313 2314 2316 2318 2320 2327 2332 2338 2344 2349 2354 2359 2363 2367 2371 2375 2378 2381 2384 2387 2390 2393 2396 2400 2406 2412 2419 2424 2428 2433 2438 2445 2454 2463 2474 2484 2498 2513 2528 2540 2538 2528 2516 2500 2488 2473 2455 2436 2419 2410 2401 2389 2379 2373 2368 2362 2349 2334 2322 2312 2302 2290 2278 2265 2257 2251 2245 2236 2223 2212 2202 2193 2184 2174 2164 2152 2138 2125
2376 2363 2349 2336 2326 2320 2318 2317 2318 2319 2320 2325 2332 2338 2344 2349 2355 2360 2364 2369 2372 2377 2380 2383 2385 2388 2391 2393 2396 2398 2403 2410 2417 2423 2428 2434 2440 2445 2452 2459 2469 2480 2492 2507 2524 2538 2540 2537 2524 2507 2494 2480 2460 2444 2428 2416 2408 2400 2390 2383 2374 2365 2355 2343 2329 2316 2306 2293 2282 2268 2258 2251 2244 2235 2225 2215 2207 2197 2186 2176 2165 2154 2144 2133
2389 2373 2358 2344 2334 2325 2321 2320 2319 2320 2323 2328 2333 2338 2343 2348 2352 2357 2362 2368 2373 2379 2381 2383 2386 2388 2390 2393 2395 2397 2400 2407 2416 2423 2429 2436 2442 2448 2454 2461 2471 2481 2491 2500 2513 2527 2534 2539 2528 2518 2499 2485 2469 2452 2438 2426 2416 2410 2403 2395 2384 2372 2362 2350 2337 2320 2308 2295 2284 2273 2262 2253 2245 2236 2227 2218 2212 2205 2196 2180 2165 2155 2147 2139
2402 2387 2370 2355 2345 2335 2330 2325 2321 2323 2326 2329 2333 2337 2341 2346 2352 2358 2363 2368 2373 2380 2382 2384 2385 2387 2390 2392 2394 2396 2399 2402 2411 2420 2434 2442 2447 2450 2455 2459 2467 2474 2481 2490 2499 2513 2524 2530 2531 2526 2515 2497 2482 2466 2451 2438 2422 2415 2409 2403 2392 2378 2367 2356 2344 2328 2313 2300 2290 2280 2270 2260 2252 2245 2236 2225 2215 2207 2198 2185 2171 2159 2149 2139
2422 2408 2386 2370 2358 2347 2337 2331 2327 2327 2328 2331 2334 2337 2340 2345 2350 2356 2361 2367 2373 2378 2381 2383 2385 2387 2389 2391 2393 2395 2397 2399 2406 2416 2426 2437 2443 2447 2453 2457 2461 2467 2472 2477 2486 2500 2517 2527 2537 2540 2522 2507 2493 2477 2456 2440 2429 2419 2413 2407 2401 2390 2379 2364 2348 2334 2321 2310 2297 2285 2274 2264 2256 2250 2243 2234 2223 2213 2204 2190 2174 2162 2149 2136
