sample/alps_02.asc
ncols        254
nrows        122
xllcorner    9.733472222223
yllcorner    46.527083333334
cellsize     0.000277777778
NODATA_value -9999
[rows 38 to 75 of 122, columns 168 to 251 of 254]
2123 2120 2117 2115 2112 2123 2131 2132 2133 2134 2135 2136 2136 2136 2135 2138 2142 2152 2160 2169 2179 2185 2190 2195 2200 2208 2217 2225 2233 2242 2252 2260 2265 2273 2279 2284 2286 2290 2298 2304 2308 2307 2307 2314 2322 2330 2338 2346 2355 2365 2376 2387 2398 2415 2433 2448 2461 2476 2486 2493 2502 2511 2520 2542 2570 2592 2607 2617 2621 2623 2625 2627 2625 2622 2619 2611 2606 2602 2597 2591 2586 2580 2575 2571
2116 2114 2111 2117 2125 2134 2139 2140 2143 2145 2146 2148 2148 2145 2149 2158 2167 2177 2187 2196 2202 2210 2217 2219 2227 2233 2240 2245 2253 2260 2266 2273 2280 2287 2293 2300 2300 2302 2308 2316 2321 2321 2321 2320 2320 2327 2336 2345 2353 2361 2373 2385 2397 2409 2424 2438 2453 2470 2484 2494 2504 2513 2524 2549 2559 2569 2582 2592 2601 2606 2613 2620 2621 2621 2617 2610 2605 2600 2598 2593 2590 2587 2583 2580
2113 2122 2128 2138 2142 2145 2148 2151 2153 2156 2158 2160 2161 2162 2167 2176 2186 2196 2202 2205 2211 2219 2225 2232 2238 2245 2251 2258 2266 2275 2286 2295 2300 2304 2308 2310 2313 2318 2323 2329 2333 2333 2332 2331 2330 2334 2340 2346 2353 2360 2371 2383 2396 2409 2421 2434 2448 2463 2480 2489 2498 2508 2520 2527 2535 2543 2550 2558 2566 2574 2581 2592 2599 2606 2609 2609 2609 2609 2608 2608 2606 2603 2599 2594
2131 2136 2141 2146 2150 2154 2157 2160 2164 2167 2171 2173 2177 2180 2186 2196 2204 2210 2215 2221 2228 2235 2242 2246 2252 2258 2266 2275 2285 2295 2301 2306 2311 2315 2320 2325 2329 2334 2338 2343 2346 2345 2344 2343 2341 2339 2345 2351 2357 2364 2373 2383 2394 2406 2421 2434 2460 2467 2478 2485 2493 2501 2514 2523 2529 2534 2540 2546 2553 2559 2563 2574 2582 2591 2592 2600 2605 2609 2611 2613 2613 2613 2613 2615
2141 2145 2150 2155 2160 2164 2166 2171 2175 2178 2182 2186 2192 2197 2203 2210 2216 2223 2229 2235 2242 2251 2256 2261 2268 2276 2285 2293 2301 2313 2320 2325 2329 2333 2338 2342 2345 2350 2353 2356 2360 2360 2360 2358 2356 2351 2348 2355 2362 2368 2375 2383 2393 2405 2419 2433 2448 2463 2480 2485 2491 2496 2501 2513 2523 2531 2540 2548 2556 2564 2572 2581 2588 2595 2601 2605 2609 2609 2614 2617 2621 2625 2627 2631
2149 2152 2156 2161 2167 2173 2179 2183 2187 2191 2195 2198 2204 2212 2218 2226 2234 2242 2249 2257 2261 2268 2274 2282 2290 2296 2304 2315 2325 2336 2344 2350 2356 2358 2360 2361 2363 2364 2366 2367 2369 2368 2368 2367 2365 2362 2360 2359 2360 2368 2375 2384 2392 2402 2417 2434 2444 2453 2467 2481 2485 2490 2494 2498 2511 2523 2533 2542 2552 2561 2571 2580 2589 2599 2603 2608 2611 2611 2613 2617 2620 2630 2640 2646
2154 2157 2163 2170 2177 2183 2188 2194 2200 2207 2216 2227 2233 2241 2251 2257 2263 2266 2273 2280 2285 2291 2298 2307 2315 2324 2331 2340 2349 2358 2364 2369 2374 2377 2379 2378 2378 2378 2380 2379 2377 2378 2378 2375 2374 2372 2370 2368 2366 2369 2377 2384 2392 2400 2414 2428 2441 2450 2458 2465 2472 2478 2483 2488 2494 2500 2507 2512 2519 2532 2547 2563 2580 2593 2606 2612 2613 2615 2617 2618 2619 2634 2648 2660
2160 2164 2169 2174 2180 2190 2199 2207 2216 2225 2234 2244 2252 2261 2268 2274 2280 2284 2289 2295 2301 2309 2317 2325 2334 2341 2349 2358 2367 2376 2381 2383 2386 2389 2392 2391 2390 2389 2388 2387 2385 2385 2385 2382 2380 2379 2379 2378 2376 2377 2379 2386 2395 2404 2414 2425 2434 2442 2450 2453 2456 2461 2472 2484 2494 2504 2512 2519 2525 2533 2542 2556 2570 2584 2598 2613 2620 2621 2623 2622 2622 2629 2642 2657
2173 2176 2184 2194 2202 2210 2219 2226 2235 2242 2249 2259 2265 2271 2278 2286 2291 2296 2302 2308 2315 2325 2335 2342 2351 2361 2368 2377 2385 2396 2402 2405 2408 2411 2409 2406 2403 2400 2398 2397 2394 2393 2392 2391 2390 2388 2386 2385 2384 2384 2385 2387 2395 2403 2411 2419 2427 2435 2440 2448 2460 2474 2487 2499 2507 2516 2525 2533 2542 2550 2558 2566 2574 2584 2596 2609 2620 2623 2628 2627 2627 2632 2637 2650
2189 2197 2201 2209 2217 2224 2232 2240 2247 2255 2263 2271 2279 2286 2293 2299 2307 2313 2318 2322 2330 2341 2351 2360 2370 2381 2391 2401 2408 2414 2420 2426 2431 2433 2430 2426 2423 2420 2414 2411 2407 2402 2399 2398 2396 2395 2394 2393 2391 2392 2393 2395 2397 2402 2409 2417 2424 2430 2436 2446 2461 2477 2495 2507 2517 2527 2538 2548 2557 2564 2570 2575 2583 2600 2608 2616 2623 2628 2633 2633 2634 2638 2642 2652
2221 2227 2233 2238 2245 2251 2257 2261 2267 2273 2280 2289 2298 2306 2314 2320 2319 2326 2333 2341 2353 2359 2368 2376 2387 2401 2409 2416 2424 2432 2439 2448 2452 2452 2448 2444 2439 2436 2432 2429 2424 2420 2416 2412 2407 2403 2400 2399 2398 2398 2400 2400 2403 2406 2412 2420 2429 2436 2448 2463 2477 2491 2506 2517 2530 2543 2554 2567 2579 2578 2579 2581 2593 2603 2611 2618 2625 2632 2639 2643 2645 2649 2653 2657
2238 2244 2249 2255 2261 2267 2272 2279 2283 2291 2297 2304 2314 2322 2332 2336 2339 2346 2353 2359 2369 2376 2382 2393 2403 2412 2423 2434 2442 2453 2464 2472 2474 2475 2470 2465 2460 2455 2451 2445 2440 2435 2430 2424 2419 2415 2411 2409 2408 2406 2408 2410 2411 2413 2419 2424 2430 2437 2450 2468 2485 2504 2528 2544 2556 2569 2581 2594 2594 2600 2606 2602 2598 2600 2610 2619 2628 2637 2642 2645 2649 2652 2655 2659
2260 2264 2269 2273 2278 2282 2287 2293 2297 2303 2313 2320 2330 2340 2348 2357 2363 2368 2374 2380 2386 2394 2403 2415 2427 2438 2450 2461 2470 2482 2493 2500 2498 2497 2489 2483 2477 2471 2464 2458 2452 2445 2440 2435 2430 2426 2423 2420 2419 2419 2418 2420 2421 2423 2429 2433 2442 2457 2471 2484 2500 2524 2549 2571 2582 2595 2603 2607 2608 2615 2619 2615 2611 2606 2603 2618 2628 2638 2644 2649 2655 2660 2665 2673
2275 2278 2283 2286 2291 2296 2300 2308 2315 2324 2334 2343 2350 2360 2369 2376 2382 2388 2394 2401 2407 2420 2432 2442 2453 2465 2474 2486 2500 2509 2518 2523 2522 2520 2512 2503 2499 2491 2483 2473 2464 2456 2447 2440 2438 2438 2436 2432 2432 2431 2429 2430 2431 2431 2437 2446 2456 2467 2479 2490 2508 2552 2596 2600 2602 2607 2612 2618 2620 2621 2622 2621 2619 2617 2615 2620 2628 2637 2646 2653 2661 2667 2673 2678
2293 2295 2298 2302 2306 2312 2317 2323 2333 2342 2352 2361 2369 2378 2388 2394 2401 2408 2414 2423 2432 2443 2455 2468 2478 2488 2501 2510 2519 2527 2531 2535 2532 2526 2518 2511 2506 2500 2494 2488 2481 2475 2467 2460 2454 2452 2449 2447 2443 2440 2440 2440 2440 2450 2453 2463 2472 2480 2489 2500 2537 2570 2600 2606 2613 2620 2620 2621 2623 2624 2625 2623 2621 2619 2618 2620 2629 2640 2647 2654 2662 2669 2676 2684
2309 2313 2318 2323 2329 2337 2345 2351 2358 2365 2372 2378 2386 2394 2402 2411 2419 2427 2436 2444 2453 2464 2475 2484 2494 2506 2518 2528 2532 2535 2537 2534 2530 2524 2520 2518 2511 2504 2499 2494 2489 2484 2479 2475 2469 2467 2464 2461 2459 2456 2456 2462 2468 2473 2479 2485 2490 2496 2510 2537 2562 2589 2606 2616 2622 2625 2626 2626 2627 2628 2629 2625 2622 2619 2619 2620 2630 2642 2648 2654 2660 2670 2680 2689
2328 2336 2341 2349 2356 2363 2371 2379 2386 2394 2401 2406 2409 2416 2424 2431 2439 2448 2455 2463 2473 2483 2495 2506 2520 2528 2535 2540 2540 2541 2538 2534 2531 2527 2523 2520 2514 2508 2500 2498 2495 2492 2490 2487 2484 2481 2479 2477 2474 2473 2474 2478 2482 2487 2492 2497 2510 2533 2552 2570 2591 2604 2612 2620 2627 2630 2630 2630 2631 2631 2631 2627 2624 2621 2620 2620 2626 2641 2649 2656 2665 2674 2683 2693
2343 2350 2357 2364 2370 2377 2384 2389 2396 2405 2417 2422 2427 2433 2442 2450 2458 2467 2474 2481 2494 2505 2518 2527 2536 2541 2543 2545 2547 2549 2544 2541 2537 2533 2529 2524 2518 2513 2509 2504 2500 2500 2499 2499 2498 2497 2495 2493 2492 2492 2491 2494 2498 2512 2528 2546 2562 2570 2581 2595 2604 2611 2619 2625 2632 2636 2636 2636 2636 2635 2634 2631 2628 2626 2626 2626 2629 2637 2650 2661 2671 2682 2691 2700
2358 2365 2372 2379 2387 2393 2400 2409 2417 2424 2430 2437 2444 2452 2461 2470 2477 2486 2496 2502 2510 2522 2531 2540 2543 2546 2549 2552 2554 2557 2557 2556 2550 2540 2537 2532 2529 2525 2521 2517 2513 2509 2507 2510 2514 2513 2511 2509 2510 2513 2522 2531 2540 2547 2554 2561 2571 2581 2593 2603 2610 2618 2625 2633 2640 2642 2640 2639 2638 2638 2637 2634 2632 2631 2631 2630 2634 2642 2653 2665 2677 2689 2701 2716
2371 2378 2384 2391 2399 2406 2414 2422 2429 2437 2444 2451 2459 2469 2478 2487 2498 2504 2514 2522 2530 2536 2546 2556 2562 2566 2569 2571 2575 2580 2590 2578 2568 2558 2553 2547 2543 2538 2534 2531 2527 2521 2520 2527 2532 2529 2528 2525 2527 2531 2535 2542 2548 2552 2558 2569 2580 2586 2596 2604 2612 2620 2635 2645 2652 2656 2651 2648 2649 2645 2640 2638 2636 2637 2638 2639 2639 2647 2657 2668 2682 2697 2712 2725
2387 2395 2402 2407 2414 2420 2427 2435 2444 2451 2458 2467 2475 2490 2502 2510 2518 2527 2536 2543 2553 2558 2565 2572 2580 2585 2589 2595 2604 2617 2626 2612 2597 2578 2572 2567 2560 2556 2551 2544 2540 2538 2541 2545 2550 2548 2549 2545 2540 2544 2547 2551 2555 2559 2565 2574 2583 2592 2600 2609 2618 2631 2640 2650 2660 2660 2660 2660 2660 2655 2650 2645 2640 2640 2641 2641 2646 2653 2660 2675 2689 2702 2716 2730
2401 2409 2417 2424 2431 2439 2446 2453 2461 2469 2477 2483 2492 2504 2515 2524 2535 2546 2555 2565 2576 2584 2589 2593 2602 2614 2624 2634 2643 2653 2665 2643 2620 2600 2585 2579 2575 2570 2566 2562 2559 2560 2563 2565 2565 2564 2565 2562 2555 2555 2557 2560 2565 2570 2574 2580 2595 2604 2612 2622 2644 2660 2657 2658 2663 2666 2671 2665 2662 2659 2657 2655 2652 2650 2649 2646 2651 2656 2663 2676 2689 2703 2719 2734
2410 2421 2429 2437 2445 2453 2461 2467 2476 2484 2490 2498 2508 2519 2529 2542 2554 2563 2575 2586 2597 2607 2616 2615 2625 2652 2675 2684 2693 2700 2701 2683 2658 2636 2614 2600 2596 2588 2583 2578 2574 2576 2579 2578 2577 2575 2573 2570 2569 2567 2562 2567 2572 2577 2587 2601 2607 2615 2626 2642 2661 2670 2669 2668 2673 2680 2680 2676 2673 2670 2667 2664 2661 2657 2654 2653 2655 2658 2664 2674 2685 2700 2720 2740
2423 2432 2442 2452 2462 2471 2481 2491 2500 2510 2524 2537 2548 2561 2574 2583 2596 2604 2610 2618 2627 2632 2640 2647 2649 2674 2700 2725 2732 2737 2728 2709 2678 2653 2628 2617 2610 2605 2598 2594 2591 2589 2589 2589 2586 2583 2581 2580 2580 2582 2577 2580 2587 2595 2605 2615 2625 2635 2649 2667 2683 2686 2680 2680 2684 2682 2681 2678 2675 2672 2669 2666 2663 2660 2655 2654 2656 2658 2664 2673 2688 2711 2729 2748
2430 2440 2451 2462 2472 2483 2494 2505 2517 2529 2541 2553 2566 2578 2589 2600 2611 2620 2629 2639 2651 2655 2669 2680 2676 2685 2698 2741 2770 2777 2762 2732 2700 2673 2644 2637 2630 2621 2617 2613 2610 2606 2603 2599 2598 2597 2595 2594 2595 2597 2597 2601 2607 2614 2620 2630 2640 2653 2671 2685 2708 2711 2698 2692 2694 2688 2682 2678 2674 2671 2667 2664 2661 2657 2653 2655 2657 2659 2666 2677 2692 2711 2730 2753
2439 2448 2460 2471 2481 2490 2502 2514 2525 2537 2549 2561 2573 2585 2597 2609 2620 2633 2645 2655 2673 2678 2694 2705 2700 2718 2756 2791 2793 2807 2804 2772 2732 2694 2666 2654 2644 2636 2631 2624 2620 2619 2617 2615 2613 2612 2609 2608 2608 2610 2613 2616 2619 2627 2637 2644 2655 2684 2697 2707 2721 2728 2722 2708 2706 2699 2688 2679 2674 2670 2666 2661 2658 2654 2654 2656 2659 2665 2673 2681 2696 2716 2736 2756
2451 2462 2472 2483 2493 2503 2514 2526 2537 2548 2559 2570 2582 2593 2605 2620 2637 2648 2663 2679 2696 2704 2733 2756 2771 2788 2803 2814 2819 2838 2821 2787 2746 2700 2683 2669 2659 2653 2647 2641 2639 2635 2633 2630 2626 2624 2623 2621 2621 2625 2628 2632 2635 2638 2657 2670 2683 2695 2707 2720 2730 2740 2737 2727 2715 2705 2696 2688 2680 2672 2663 2659 2656 2653 2656 2658 2662 2670 2680 2689 2700 2715 2733 2752
2467 2477 2488 2498 2508 2519 2530 2540 2551 2560 2572 2582 2592 2605 2622 2640 2655 2672 2689 2705 2735 2764 2782 2795 2809 2821 2835 2847 2862 2872 2844 2815 2786 2741 2708 2689 2679 2671 2663 2657 2653 2650 2646 2642 2639 2635 2632 2630 2629 2631 2634 2636 2639 2645 2657 2672 2688 2703 2716 2727 2737 2744 2742 2728 2716 2701 2692 2681 2674 2666 2660 2658 2655 2652 2656 2659 2668 2680 2690 2702 2716 2731 2745 2758
2487 2498 2508 2518 2527 2537 2547 2556 2566 2576 2586 2595 2609 2627 2644 2662 2681 2700 2725 2751 2780 2804 2828 2838 2857 2868 2872 2891 2900 2873 2847 2821 2795 2770 2743 2716 2698 2690 2683 2677 2666 2662 2660 2655 2650 2643 2640 2638 2636 2637 2640 2644 2650 2656 2672 2688 2702 2713 2724 2733 2742 2747 2740 2727 2712 2696 2682 2675 2668 2660 2654 2652 2652 2652 2655 2663 2671 2680 2692 2705 2720 2733 2747 2761
2500 2510 2520 2530 2539 2549 2557 2568 2577 2587 2597 2612 2628 2648 2663 2681 2701 2724 2751 2778 2805 2833 2861 2883 2901 2902 2905 2916 2895 2875 2855 2836 2816 2796 2775 2754 2732 2706 2698 2693 2685 2679 2674 2667 2661 2658 2654 2651 2647 2650 2653 2657 2665 2677 2692 2708 2721 2727 2732 2737 2745 2743 2731 2718 2700 2685 2675 2666 2659 2655 2652 2652 2652 2652 2654 2663 2671 2682 2693 2705 2719 2733 2746 2760
2515 2525 2534 2544 2555 2565 2574 2584 2594 2605 2621 2637 2651 2667 2683 2696 2719 2742 2765 2790 2821 2848 2880 2903 2913 2922 2928 2913 2895 2878 2859 2838 2817 2799 2786 2773 2760 2747 2732 2719 2706 2698 2693 2689 2684 2678 2674 2669 2663 2663 2668 2674 2683 2692 2704 2721 2733 2741 2745 2746 2748 2733 2720 2707 2693 2680 2672 2663 2658 2654 2652 2652 2652 2652 2652 2660 2670 2680 2690 2701 2714 2727 2738 2751
2527 2536 2545 2555 2564 2574 2583 2593 2604 2620 2637 2655 2670 2686 2705 2724 2741 2762 2781 2800 2826 2852 2878 2900 2917 2931 2935 2912 2892 2875 2856 2839 2824 2814 2803 2792 2781 2769 2757 2746 2734 2721 2716 2716 2716 2706 2698 2696 2692 2692 2691 2693 2699 2708 2718 2733 2742 2744 2747 2752 2739 2725 2709 2697 2688 2680 2678 2675 2667 2659 2652 2652 2652 2652 2652 2661 2668 2676 2687 2697 2708 2720 2731 2741
2535 2546 2556 2565 2577 2585 2595 2609 2622 2637 2652 2666 2681 2696 2714 2733 2750 2769 2787 2806 2829 2851 2873 2895 2915 2933 2945 2923 2899 2880 2861 2850 2841 2833 2823 2812 2806 2800 2784 2771 2757 2744 2747 2756 2760 2744 2726 2720 2724 2718 2715 2714 2715 2720 2728 2736 2742 2746 2750 2747 2732 2716 2704 2694 2683 2680 2685 2683 2678 2668 2658 2656 2654 2653 2652 2657 2664 2672 2680 2691 2700 2710 2720 2729
2545 2555 2566 2577 2588 2598 2611 2625 2638 2651 2664 2677 2690 2705 2724 2741 2757 2775 2795 2817 2833 2855 2875 2895 2914 2938 2955 2925 2899 2887 2881 2875 2870 2864 2858 2849 2830 2812 2796 2785 2774 2761 2769 2782 2786 2781 2758 2740 2738 2737 2735 2733 2733 2735 2737 2741 2746 2750 2754 2742 2724 2711 2700 2696 2690 2689 2690 2686 2683 2676 2664 2659 2658 2655 2653 2656 2661 2669 2676 2682 2692 2702 2710 2718
2551 2564 2575 2585 2596 2609 2621 2632 2646 2658 2671 2684 2697 2713 2731 2749 2767 2785 2802 2823 2841 2860 2880 2900 2914 2930 2945 2961 2951 2933 2911 2910 2904 2896 2891 2883 2861 2843 2821 2799 2791 2782 2789 2798 2798 2791 2785 2777 2767 2757 2749 2740 2740 2739 2740 2744 2749 2753 2750 2738 2726 2715 2704 2699 2697 2699 2693 2688 2682 2675 2666 2660 2660 2660 2659 2657 2657 2660 2668 2678 2689 2700 2710 2720
2560 2571 2583 2596 2608 2620 2631 2643 2655 2667 2678 2689 2702 2719 2736 2753 2770 2788 2804 2823 2839 2857 2877 2894 2905 2918 2928 2936 2939 2941 2940 2930 2922 2915 2907 2899 2884 2868 2851 2836 2820 2803 2806 2808 2808 2804 2800 2795 2788 2782 2764 2751 2740 2739 2740 2743 2750 2758 2751 2741 2729 2718 2710 2703 2701 2700 2698 2689 2680 2674 2668 2663 2663 2661 2661 2660 2659 2658 2662 2672 2682 2696 2710 2720
2562 2573 2585 2596 2608 2621 2633 2644 2656 2669 2681 2692 2708 2725 2741 2758 2775 2789 2802 2816 2832 2845 2856 2869 2880 2892 2903 2910 2917 2928 2940 2940 2939 2926 2912 2897 2884 2874 2862 2848 2835 2824 2824 2822 2820 2813 2807 2800 2793 2787 2781 2764 2754 2743 2741 2752 2759 2754 2749 2743 2730 2718 2712 2708 2705 2703 2701 2690 2680 2675 2671 2667 2666 2664 2664 2663 2662 2662 2662 2670 2681 2692 2704 2717
2558 2569 2580 2591 2602 2616 2629 2643 2656 2669 2681 2693 2708 2726 2743 2760 2778 2788 2797 2805 2815 2826 2837 2846 2858 2868 2879 2889 2900 2911 2923 2934 2939 2924 2909 2895 2884 2874 2863 2855 2847 2840 2832 2825 2817 2810 2802 2800 2795 2788 2781 2776 2771 2767 2763 2762 2761 2757 2751 2744 2735 2722 2715 2711 2707 2703 2697 2687 2680 2677 2674 2670 2669 2668 2667 2666 2665 2663 2663 2666 2675 2685 2697 2710
