sample/alps_small.asc
ncols        63
nrows        45
xllcorner    9.375694444573
yllcorner    46.888750000071
cellsize     0.000277777778
NODATA_value -9999
 2302 2323 2329 2338 2349 2358 2365 2369 2370 2373 2370 2369 2367 2370 2372 2373 2372 2375 2375 2376 2374 2373 2380 2386 2393 2402 2428 2452 2478 2512 2575 2606 2620 2631 2639 2649 2664 2679 2650 2600 2560 2580 2598 2578 2557 2534 2513 2500 2504 2490 2481 2472 2466 2457 2443 2426 2408 2395 2386 2378 2369 2360 2352
 2354 2367 2374 2384 2391 2396 2397 2396 2404 2404 2401 2405 2405 2400 2407 2400 2399 2396 2397 2400 2398 2393 2396 2410 2431 2447 2466 2484 2512 2575 2607 2619 2632 2647 2661 2678 2696 2687 2653 2620 2572 2510 2516 2510 2503 2495 2487 2478 2468 2457 2450 2441 2431 2423 2413 2403 2391 2381 2369 2358 2346 2336 2326
 2409 2407 2412 2419 2422 2429 2435 2436 2442 2443 2440 2442 2443 2445 2448 2441 2436 2432 2434 2434 2433 2431 2443 2465 2486 2500 2524 2555 2583 2606 2618 2631 2644 2664 2682 2703 2708 2680 2654 2629 2603 2521 2478 2488 2500 2484 2469 2457 2442 2427 2412 2400 2389 2378 2366 2355 2345 2337 2326 2315 2305 2300 2300
 2452 2450 2455 2460 2465 2467 2475 2483 2483 2479 2478 2481 2485 2488 2488 2481 2478 2474 2473 2470 2480 2490 2504 2521 2538 2556 2572 2590 2605 2618 2630 2643 2656 2677 2700 2710 2680 2614 2589 2569 2544 2508 2479 2447 2447 2437 2427 2419 2408 2398 2386 2376 2364 2352 2340 2330 2318 2306 2297 2291 2284 2277 2280
 2492 2494 2499 2503 2508 2511 2515 2520 2518 2514 2515 2519 2521 2520 2518 2517 2512 2510 2508 2507 2506 2510 2517 2534 2549 2566 2584 2601 2614 2628 2641 2654 2668 2683 2698 2678 2592 2568 2541 2514 2491 2474 2454 2436 2416 2400 2391 2381 2370 2361 2351 2342 2332 2325 2314 2304 2297 2288 2279 2270 2264 2255 2256
 2537 2540 2543 2543 2546 2549 2551 2550 2550 2549 2547 2551 2551 2550 2549 2549 2547 2544 2538 2537 2539 2542 2540 2542 2559 2576 2592 2606 2621 2634 2650 2666 2648 2632 2614 2590 2561 2537 2511 2492 2475 2458 2441 2425 2407 2392 2377 2364 2354 2343 2335 2324 2314 2304 2295 2285 2276 2267 2258 2250 2241 2231 2228
 2579 2578 2580 2583 2585 2585 2583 2582 2580 2580 2583 2586 2582 2580 2584 2585 2579 2575 2572 2569 2571 2573 2571 2571 2571 2585 2600 2612 2626 2641 2633 2618 2603 2583 2556 2530 2503 2493 2479 2467 2455 2443 2431 2418 2404 2388 2373 2355 2338 2327 2317 2307 2297 2287 2278 2268 2258 2247 2238 2228 2218 2208 2203
 2635 2628 2622 2625 2629 2629 2621 2617 2618 2622 2626 2631 2622 2621 2623 2623 2614 2609 2603 2600 2598 2602 2600 2597 2596 2598 2609 2622 2626 2600 2582 2565 2547 2528 2510 2496 2486 2475 2465 2455 2445 2434 2424 2413 2404 2387 2368 2350 2332 2314 2298 2286 2274 2262 2249 2238 2227 2215 2202 2197 2193 2188 2183
 2710 2700 2685 2683 2683 2679 2676 2676 2677 2678 2677 2679 2682 2677 2668 2662 2656 2647 2641 2635 2635 2636 2635 2635 2634 2636 2641 2630 2597 2580 2561 2542 2524 2504 2492 2482 2472 2462 2453 2443 2432 2422 2413 2403 2387 2371 2355 2340 2323 2307 2292 2279 2266 2252 2239 2226 2212 2200 2191 2182 2175 2169 2163
 2808 2778 2747 2742 2732 2722 2719 2722 2723 2725 2728 2727 2725 2716 2708 2699 2694 2687 2679 2671 2670 2674 2686 2673 2652 2647 2617 2591 2569 2549 2528 2508 2495 2485 2474 2463 2454 2443 2432 2422 2413 2404 2390 2377 2366 2354 2340 2326 2315 2299 2287 2275 2262 2248 2235 2223 2209 2197 2187 2177 2166 2155 2145
 2830 2833 2800 2797 2800 2762 2758 2761 2764 2765 2768 2771 2769 2758 2750 2743 2735 2727 2722 2716 2712 2706 2678 2653 2625 2597 2577 2556 2533 2517 2499 2481 2463 2446 2439 2432 2424 2416 2410 2402 2392 2381 2372 2361 2350 2340 2329 2318 2307 2295 2282 2268 2255 2241 2229 2216 2200 2191 2182 2171 2160 2149 2137
 2848 2869 2875 2858 2823 2798 2803 2804 2812 2815 2815 2814 2807 2798 2790 2784 2777 2767 2763 2765 2762 2735 2696 2667 2645 2626 2610 2600 2580 2567 2544 2508 2482 2452 2426 2414 2409 2401 2392 2380 2370 2361 2350 2340 2329 2321 2310 2299 2287 2276 2263 2251 2239 2228 2215 2203 2192 2182 2172 2160 2151 2140 2130
 2899 2904 2917 2893 2874 2856 2861 2862 2867 2872 2863 2848 2843 2838 2830 2825 2820 2815 2808 2808 2817 2806 2787 2734 2692 2672 2653 2634 2616 2591 2547 2504 2476 2449 2422 2400 2391 2381 2371 2363 2353 2343 2334 2324 2314 2305 2295 2282 2270 2260 2248 2237 2225 2212 2202 2190 2179 2170 2160 2151 2140 2132 2122
 2945 2944 2949 2934 2919 2903 2897 2900 2900 2903 2896 2884 2881 2875 2863 2851 2843 2836 2828 2821 2813 2806 2800 2738 2689 2661 2634 2611 2578 2537 2504 2480 2455 2432 2406 2392 2380 2369 2357 2346 2334 2324 2313 2300 2293 2285 2275 2266 2256 2247 2237 2228 2219 2209 2199 2179 2167 2156 2148 2139 2129 2118 2109
 2937 2931 2926 2921 2915 2909 2903 2892 2879 2869 2858 2846 2833 2822 2811 2800 2803 2794 2781 2767 2756 2741 2727 2712 2687 2625 2587 2559 2531 2503 2484 2468 2450 2432 2414 2397 2381 2361 2342 2327 2311 2297 2287 2277 2268 2258 2248 2238 2231 2222 2212 2203 2199 2191 2183 2170 2157 2145 2134 2124 2115 2105 2096
 2895 2892 2890 2888 2886 2884 2885 2878 2867 2856 2845 2834 2823 2812 2799 2786 2772 2762 2753 2741 2729 2718 2708 2685 2647 2608 2581 2561 2540 2516 2488 2448 2426 2408 2390 2372 2354 2336 2318 2300 2290 2279 2270 2259 2249 2238 2228 2217 2207 2198 2189 2180 2177 2171 2167 2161 2148 2136 2128 2119 2106 2096 2087
 2871 2868 2865 2862 2862 2860 2859 2859 2849 2835 2821 2807 2796 2783 2769 2758 2743 2724 2705 2690 2675 2660 2645 2630 2615 2600 2583 2567 2548 2530 2511 2478 2413 2389 2369 2352 2335 2317 2299 2286 2274 2261 2248 2235 2224 2212 2200 2194 2188 2182 2171 2160 2159 2154 2149 2145 2140 2131 2120 2109 2097 2084 2074
 2848 2845 2843 2839 2836 2834 2835 2835 2832 2812 2793 2779 2765 2754 2741 2728 2716 2704 2689 2673 2656 2640 2623 2609 2593 2579 2564 2551 2536 2522 2510 2486 2412 2375 2352 2331 2311 2294 2284 2271 2260 2246 2235 2222 2211 2198 2187 2177 2171 2165 2156 2144 2137 2131 2126 2125 2123 2122 2112 2102 2088 2075 2060
 2827 2822 2818 2815 2810 2808 2809 2812 2810 2805 2789 2770 2751 2734 2715 2697 2681 2668 2650 2635 2619 2607 2595 2581 2568 2554 2542 2528 2514 2499 2480 2460 2443 2406 2353 2314 2299 2286 2274 2261 2248 2236 2223 2211 2198 2187 2175 2165 2156 2146 2136 2125 2118 2113 2107 2101 2103 2105 2101 2093 2084 2074 2060
 2804 2798 2793 2790 2785 2782 2783 2785 2780 2779 2774 2756 2737 2718 2704 2689 2674 2659 2644 2629 2614 2599 2584 2571 2557 2543 2530 2516 2503 2493 2479 2455 2425 2396 2353 2314 2289 2275 2260 2250 2237 2224 2211 2199 2187 2175 2162 2152 2140 2130 2120 2112 2103 2096 2089 2083 2082 2080 2082 2077 2070 2063 2053
 2785 2778 2770 2761 2753 2751 2751 2752 2753 2753 2752 2740 2717 2700 2678 2661 2650 2637 2623 2609 2596 2580 2564 2547 2531 2514 2499 2486 2473 2461 2449 2436 2429 2402 2369 2337 2303 2278 2255 2236 2222 2211 2199 2188 2175 2163 2149 2137 2128 2118 2108 2099 2090 2080 2074 2068 2063 2060 2060 2057 2051 2046 2040
 2763 2755 2744 2734 2724 2718 2720 2724 2725 2722 2720 2723 2706 2673 2638 2622 2612 2596 2582 2566 2554 2539 2522 2508 2498 2490 2478 2463 2450 2434 2421 2408 2409 2403 2384 2350 2315 2287 2262 2238 2214 2197 2183 2173 2163 2152 2140 2128 2116 2106 2096 2086 2078 2067 2057 2047 2040 2036 2032 2028 2026 2019 2015
 2740 2732 2719 2708 2698 2695 2696 2698 2698 2682 2669 2700 2640 2599 2599 2600 2581 2562 2545 2526 2507 2496 2489 2478 2472 2467 2455 2440 2425 2412 2398 2390 2388 2384 2379 2373 2337 2298 2275 2250 2225 2200 2177 2159 2147 2136 2128 2118 2107 2095 2085 2074 2064 2052 2040 2032 2024 2019 2016 2011 2005 1999 1994
 2717 2706 2689 2682 2679 2676 2675 2673 2647 2616 2597 2590 2586 2577 2570 2560 2546 2527 2508 2494 2482 2472 2461 2451 2446 2443 2431 2415 2399 2391 2382 2373 2364 2359 2353 2346 2340 2335 2312 2289 2245 2209 2181 2158 2130 2122 2114 2106 2098 2087 2073 2063 2053 2042 2032 2022 2013 2003 1996 1991 1986 1980 1975
 2695 2682 2672 2664 2660 2656 2652 2648 2617 2594 2582 2570 2557 2546 2534 2522 2508 2495 2482 2469 2456 2443 2430 2419 2419 2419 2410 2396 2385 2374 2362 2352 2341 2334 2330 2324 2318 2312 2308 2300 2273 2229 2192 2164 2135 2106 2099 2092 2084 2074 2064 2053 2040 2031 2021 2012 2003 1993 1982 1976 1971 1964 1957
 2668 2660 2654 2649 2644 2639 2631 2626 2604 2586 2568 2553 2538 2521 2505 2489 2475 2461 2447 2433 2419 2407 2399 2394 2396 2399 2390 2378 2366 2353 2341 2328 2317 2307 2300 2291 2288 2282 2277 2271 2266 2239 2207 2171 2133 2099 2088 2078 2069 2060 2049 2038 2028 2020 2011 2001 1991 1982 1972 1962 1955 1948 1941
 2650 2646 2642 2638 2633 2628 2623 2614 2601 2581 2559 2539 2518 2498 2484 2470 2458 2442 2428 2414 2400 2392 2384 2376 2376 2375 2369 2356 2343 2330 2318 2306 2296 2288 2281 2272 2268 2262 2257 2251 2247 2241 2219 2179 2122 2092 2077 2065 2055 2047 2039 2029 2019 2009 1998 1990 1980 1972 1963 1955 1945 1936 1928
 2637 2635 2632 2629 2627 2624 2618 2607 2589 2565 2541 2517 2497 2483 2469 2454 2440 2427 2413 2399 2390 2379 2367 2357 2356 2354 2343 2330 2318 2307 2296 2286 2277 2269 2262 2252 2247 2243 2238 2233 2227 2224 2219 2192 2118 2078 2067 2056 2044 2036 2027 2018 2007 1997 1986 1977 1969 1960 1952 1944 1937 1929 1920
 2626 2625 2624 2623 2622 2621 2615 2608 2600 2576 2544 2512 2490 2473 2453 2438 2421 2404 2392 2381 2370 2358 2347 2337 2334 2330 2323 2316 2309 2301 2289 2275 2263 2249 2235 2233 2225 2218 2210 2203 2199 2195 2191 2186 2141 2091 2052 2043 2032 2022 2012 2004 1994 1984 1974 1965 1957 1948 1940 1932 1925 1917 1910
 2615 2621 2622 2628 2626 2621 2617 2613 2609 2605 2595 2536 2491 2469 2447 2427 2403 2390 2378 2366 2355 2342 2329 2318 2312 2306 2300 2289 2277 2268 2255 2242 2230 2219 2209 2212 2206 2200 2193 2186 2177 2172 2171 2165 2147 2114 2058 2025 2014 2003 1996 1988 1980 1970 1961 1954 1945 1938 1931 1924 1916 1909 1902
 2596 2608 2622 2639 2634 2623 2620 2619 2616 2600 2559 2517 2482 2454 2426 2399 2387 2374 2361 2348 2337 2324 2311 2300 2292 2281 2270 2260 2250 2239 2228 2217 2206 2198 2191 2193 2188 2184 2178 2168 2157 2145 2137 2133 2121 2090 2036 2006 1997 1989 1982 1975 1967 1959 1952 1945 1938 1929 1920 1915 1907 1900 1892
 2578 2588 2620 2645 2660 2657 2644 2640 2621 2587 2558 2522 2486 2458 2430 2404 2386 2370 2352 2337 2320 2305 2294 2285 2276 2268 2258 2249 2238 2228 2217 2208 2198 2188 2180 2180 2177 2171 2164 2155 2145 2124 2110 2105 2086 2047 2005 1992 1981 1972 1966 1960 1954 1947 1941 1935 1928 1921 1914 1906 1899 1892 1885
 2565 2584 2617 2641 2660 2678 2692 2682 2634 2583 2538 2495 2450 2405 2387 2372 2356 2340 2324 2310 2295 2285 2276 2271 2264 2256 2245 2235 2226 2217 2207 2197 2187 2177 2167 2160 2162 2158 2150 2140 2134 2114 2094 2061 2030 1999 1988 1976 1965 1957 1953 1947 1942 1938 1933 1927 1921 1914 1907 1899 1893 1887 1880
 2555 2577 2613 2637 2658 2678 2694 2701 2673 2609 2532 2467 2413 2389 2374 2359 2345 2330 2315 2302 2283 2275 2268 2261 2253 2244 2234 2222 2213 2206 2202 2193 2183 2169 2158 2150 2144 2142 2136 2128 2116 2103 2075 2048 2021 1994 1977 1967 1957 1949 1940 1937 1933 1928 1924 1919 1913 1907 1900 1894 1887 1880 1873
 2539 2584 2612 2627 2638 2652 2662 2667 2661 2595 2549 2494 2436 2393 2376 2358 2339 2320 2302 2285 2273 2264 2256 2250 2245 2237 2227 2216 2206 2196 2184 2176 2169 2162 2152 2140 2127 2120 2114 2103 2085 2065 2044 2023 2000 1983 1970 1958 1951 1945 1938 1932 1926 1920 1916 1911 1906 1902 1895 1887 1879 1873 1868
 2521 2531 2557 2588 2605 2615 2626 2634 2635 2600 2563 2526 2450 2380 2352 2330 2316 2303 2289 2275 2262 2252 2242 2237 2231 2225 2218 2209 2199 2190 2179 2169 2156 2140 2134 2127 2120 2104 2100 2080 2057 2034 2012 1995 1984 1975 1966 1956 1949 1941 1934 1928 1921 1916 1911 1906 1900 1894 1888 1882 1877 1870 1865
 2498 2503 2514 2526 2536 2550 2576 2604 2609 2600 2560 2520 2417 2335 2324 2316 2304 2292 2280 2269 2257 2246 2238 2230 2222 2215 2207 2200 2194 2188 2182 2170 2154 2140 2125 2107 2096 2084 2065 2048 2043 2036 2031 2025 2020 2011 2006 2000 1989 1976 1961 1948 1935 1923 1909 1902 1896 1890 1885 1879 1874 1868 1862
 2483 2469 2471 2472 2474 2471 2482 2512 2494 2460 2427 2400 2334 2322 2313 2300 2291 2280 2271 2260 2250 2238 2230 2220 2214 2208 2202 2197 2191 2185 2178 2170 2163 2147 2128 2110 2091 2086 2079 2073 2066 2058 2051 2044 2039 2030 2024 2018 2011 2005 1997 1982 1962 1947 1931 1915 1899 1895 1892 1888 1884 1881 1877
 2459 2438 2434 2429 2429 2421 2412 2400 2379 2350 2342 2329 2316 2304 2296 2286 2277 2267 2258 2249 2239 2229 2220 2213 2206 2200 2195 2190 2185 2177 2168 2160 2148 2143 2139 2131 2128 2127 2122 2113 2106 2102 2089 2079 2071 2061 2049 2040 2032 2023 2012 2003 1993 1982 1968 1956 1944 1934 1916 1905 1899 1897 1895
 2426 2416 2409 2403 2395 2380 2370 2360 2350 2340 2329 2318 2303 2292 2280 2272 2263 2254 2246 2237 2230 2223 2215 2206 2199 2194 2189 2184 2180 2177 2175 2172 2170 2168 2165 2163 2159 2155 2150 2146 2139 2130 2121 2113 2105 2102 2095 2082 2068 2055 2042 2030 2015 2003 1996 1988 1980 1971 1964 1956 1948 1938 1931
 2424 2416 2409 2401 2393 2384 2371 2358 2344 2333 2322 2311 2300 2289 2278 2270 2261 2253 2244 2235 2226 2218 2212 2206 2200 2193 2186 2180 2178 2175 2172 2169 2166 2164 2162 2159 2157 2155 2152 2149 2147 2144 2141 2134 2125 2121 2115 2107 2098 2084 2069 2053 2040 2027 2014 2000 1994 1989 1984 1978 1972 1966 1961
 2430 2421 2412 2405 2397 2385 2375 2364 2348 2333 2323 2312 2300 2289 2278 2270 2262 2253 2244 2236 2228 2220 2213 2207 2200 2194 2188 2180 2177 2174 2170 2167 2164 2160 2159 2157 2154 2152 2150 2148 2146 2144 2141 2137 2131 2126 2122 2116 2110 2102 2093 2081 2070 2057 2046 2034 2023 2010 2000 1996 1992 1988 1984
 2440 2430 2420 2410 2400 2389 2378 2366 2355 2340 2320 2309 2298 2289 2279 2270 2262 2255 2247 2239 2229 2220 2213 2207 2200 2194 2188 2182 2177 2172 2168 2163 2160 2158 2155 2153 2150 2148 2146 2144 2141 2140 2139 2138 2137 2133 2128 2122 2118 2111 2105 2098 2088 2078 2068 2057 2047 2037 2027 2017 2011 2006 2005
 2455 2440 2429 2420 2405 2393 2380 2369 2356 2342 2325 2313 2303 2291 2280 2271 2263 2259 2253 2248 2241 2232 2220 2215 2210 2205 2200 2193 2185 2179 2175 2172 2170 2166 2162 2160 2159 2157 2156 2155 2154 2150 2147 2147 2147 2144 2142 2140 2135 2128 2123 2120 2114 2108 2102 2095 2086 2077 2064 2054 2056 2058 2058
 2524 2508 2494 2467 2443 2419 2397 2377 2362 2345 2333 2323 2312 2304 2297 2292 2284 2280 2276 2274 2266 2262 2244 2233 2225 2220 2216 2211 2205 2200 2196 2190 2185 2185 2184 2182 2180 2179 2177 2182 2191 2202 2217 2226 2219 2206 2200 2192 2188 2174 2180 2177 2163 2154 2146 2137 2124 2107 2098 2093 2096 2100 2111
