sample/alps_07.asc
ncols        173
nrows        158
xllcorner    9.301527777778
yllcorner    46.439305555556
cellsize     0.000277777778
NODATA_value -9999
[rows 0 to 37 of 158, columns 0 to 83 of 173]
2094 2092 2089 2087 2083 2080 2076 2073 2070 2068 2066 2063 2060 2056 2053 2051 2049 2048 2046 2044 2042 2040 2030 2025 2022 2019 2014 2010 2010 2004 1999 1997 1995 1993 1991 1990 1989 1988 1987 1987 1987 1988 1987 1987 1988 1986 1984 1983 1981 1979 1978 1977 1976 1974 1973 1972 1971 1971 1971 1972 1973 1975 1975 1976 1978 1981 1977 1976 1976 1976 1976 1976 1977 1978 1977 1978 1979 1980 1982 1984 1986 1989 1987 1987
2103 2099 2096 2093 2090 2087 2085 2082 2079 2074 2070 2066 2062 2058 2055 2053 2050 2047 2044 2040 2037 2034 2032 2028 2025 2023 2023 2023 2022 2021 2016 2010 2005 2000 1999 1999 1999 2000 2000 1997 1997 1998 1997 1996 1995 1994 1992 1991 1990 1987 1986 1985 1984 1982 1982 1982 1980 1980 1980 1980 1982 1985 1989 1992 1990 1989 1988 1987 1987 1988 1990 1991 1991 1992 1993 1994 1994 1996 1997 1998 1999 2000 2000 1998
2111 2107 2104 2100 2096 2092 2089 2086 2083 2079 2074 2069 2064 2060 2057 2055 2052 2049 2047 2044 2041 2038 2036 2034 2032 2030 2030 2030 2030 2030 2027 2025 2022 2019 2017 2016 2014 2012 2011 2008 2008 2009 2006 2005 2004 2003 2001 2000 2000 2000 2000 2000 1996 1992 1991 1992 1993 1994 1994 1997 2000 2001 2001 2003 2001 1999 1999 1999 2001 2003 2004 2006 2008 2008 2008 2008 2007 2008 2008 2007 2007 2007 2006 2005
2120 2116 2110 2105 2100 2096 2093 2089 2086 2083 2078 2073 2069 2066 2063 2060 2058 2056 2054 2051 2048 2046 2044 2040 2039 2038 2038 2037 2038 2038 2039 2038 2035 2034 2032 2031 2028 2026 2025 2023 2021 2021 2021 2021 2018 2017 2016 2015 2012 2010 2009 2008 2006 2002 2003 2004 2003 2006 2007 2009 2010 2012 2015 2017 2017 2018 2020 2020 2021 2023 2022 2022 2023 2022 2021 2020 2020 2020 2020 2020 2017 2013 2011 2011
2127 2122 2118 2112 2107 2101 2097 2094 2090 2086 2082 2079 2077 2075 2073 2070 2067 2065 2062 2060 2059 2058 2056 2055 2055 2055 2053 2054 2055 2056 2056 2056 2057 2057 2056 2053 2049 2046 2041 2040 2040 2041 2040 2041 2041 2041 2040 2035 2030 2027 2024 2022 2021 2020 2021 2022 2022 2024 2027 2028 2029 2032 2034 2036 2037 2039 2039 2035 2038 2040 2038 2034 2033 2033 2032 2031 2031 2029 2027 2023 2021 2019 2017 2017
2135 2131 2126 2121 2117 2112 2105 2100 2097 2095 2093 2092 2089 2087 2085 2083 2080 2078 2077 2075 2073 2072 2071 2070 2070 2071 2072 2073 2073 2073 2074 2075 2074 2074 2073 2071 2067 2065 2062 2058 2057 2057 2056 2056 2053 2049 2044 2041 2039 2039 2038 2037 2037 2035 2037 2038 2038 2039 2041 2043 2046 2047 2050 2052 2054 2055 2051 2049 2053 2052 2050 2048 2046 2045 2043 2042 2041 2038 2035 2032 2029 2027 2027 2028
2146 2142 2138 2134 2130 2126 2121 2117 2114 2111 2107 2104 2101 2100 2099 2098 2096 2095 2093 2092 2091 2093 2094 2096 2102 2107 2104 2100 2099 2097 2094 2091 2092 2094 2092 2089 2086 2083 2080 2078 2074 2071 2068 2064 2060 2057 2054 2051 2048 2047 2047 2047 2048 2049 2049 2049 2050 2052 2055 2056 2060 2060 2061 2062 2064 2062 2060 2060 2062 2060 2058 2056 2054 2053 2051 2051 2051 2048 2044 2041 2038 2039 2040 2040
2157 2154 2150 2147 2142 2139 2135 2135 2130 2126 2126 2125 2122 2122 2120 2118 2116 2115 2114 2113 2110 2115 2121 2124 2128 2129 2129 2128 2124 2119 2120 2121 2121 2120 2120 2117 2113 2107 2103 2100 2095 2087 2081 2077 2073 2067 2063 2059 2057 2055 2055 2056 2058 2060 2059 2058 2059 2060 2063 2066 2069 2069 2069 2069 2070 2069 2068 2067 2069 2067 2064 2062 2060 2059 2057 2059 2059 2058 2056 2054 2052 2053 2053 2055
2169 2166 2162 2158 2155 2151 2148 2146 2146 2142 2142 2141 2141 2140 2138 2136 2134 2134 2136 2137 2139 2140 2142 2144 2146 2146 2145 2143 2141 2138 2140 2140 2137 2131 2126 2120 2117 2114 2111 2108 2104 2099 2095 2090 2086 2082 2079 2076 2073 2070 2067 2066 2068 2069 2069 2068 2070 2071 2073 2076 2078 2078 2077 2077 2075 2075 2075 2075 2076 2074 2072 2071 2069 2069 2069 2071 2071 2070 2069 2067 2065 2063 2066 2069
2180 2176 2173 2169 2165 2162 2159 2158 2157 2155 2155 2155 2155 2154 2154 2154 2153 2154 2157 2158 2159 2158 2159 2159 2159 2158 2156 2153 2151 2148 2148 2145 2142 2136 2128 2120 2119 2116 2114 2113 2109 2103 2099 2097 2094 2092 2091 2087 2085 2083 2080 2079 2078 2079 2079 2080 2081 2082 2083 2084 2086 2086 2084 2082 2080 2080 2081 2083 2084 2084 2082 2079 2079 2079 2080 2081 2082 2082 2082 2079 2077 2076 2077 2079
2204 2199 2192 2184 2177 2172 2170 2168 2167 2166 2168 2169 2170 2171 2172 2172 2174 2178 2182 2180 2178 2178 2176 2174 2173 2171 2168 2164 2162 2158 2153 2148 2143 2138 2133 2127 2125 2120 2119 2118 2116 2116 2113 2110 2106 2106 2105 2105 2102 2100 2098 2095 2092 2092 2092 2091 2091 2092 2093 2094 2092 2092 2092 2092 2091 2091 2092 2094 2095 2095 2094 2092 2090 2090 2091 2092 2092 2092 2093 2091 2089 2089 2091 2093
2212 2202 2196 2191 2187 2181 2179 2178 2178 2177 2180 2183 2186 2188 2191 2194 2197 2200 2201 2201 2197 2198 2196 2192 2187 2183 2179 2176 2173 2169 2163 2157 2151 2145 2139 2136 2135 2134 2131 2129 2128 2132 2127 2123 2119 2122 2130 2139 2131 2126 2120 2115 2111 2106 2102 2101 2102 2103 2103 2103 2101 2102 2103 2104 2103 2103 2103 2105 2106 2106 2105 2105 2104 2103 2104 2104 2105 2107 2108 2104 2104 2103 2103 2104
2215 2208 2201 2197 2194 2191 2187 2187 2187 2188 2191 2194 2197 2200 2203 2206 2207 2210 2213 2212 2210 2209 2207 2203 2200 2195 2191 2188 2184 2180 2175 2170 2164 2159 2154 2149 2147 2149 2147 2146 2147 2146 2142 2140 2140 2146 2151 2157 2154 2151 2144 2142 2137 2131 2123 2119 2117 2116 2114 2114 2113 2113 2114 2114 2115 2114 2116 2118 2119 2117 2116 2116 2116 2117 2119 2120 2122 2122 2123 2122 2121 2120 2121 2123
2223 2216 2209 2200 2199 2199 2196 2197 2197 2201 2205 2208 2211 2214 2215 2218 2221 2223 2225 2222 2222 2217 2212 2207 2202 2199 2198 2196 2194 2191 2187 2183 2180 2176 2172 2168 2167 2166 2165 2165 2165 2166 2164 2161 2163 2167 2171 2177 2171 2166 2162 2156 2152 2147 2142 2139 2136 2133 2130 2126 2123 2124 2124 2125 2126 2127 2128 2129 2130 2130 2130 2130 2130 2130 2133 2134 2134 2133 2132 2132 2133 2132 2134 2135
2243 2238 2233 2228 2221 2216 2211 2214 2217 2220 2223 2226 2226 2228 2231 2233 2233 2235 2237 2236 2232 2229 2226 2222 2219 2216 2213 2210 2207 2204 2203 2202 2201 2200 2194 2188 2186 2182 2181 2181 2182 2182 2181 2180 2184 2187 2191 2195 2190 2184 2179 2174 2169 2163 2158 2153 2148 2140 2139 2137 2135 2134 2134 2136 2137 2138 2140 2140 2140 2141 2141 2142 2142 2143 2143 2143 2142 2142 2142 2142 2144 2145 2146 2147
2260 2255 2250 2244 2239 2234 2228 2231 2235 2238 2240 2242 2243 2245 2245 2246 2247 2248 2250 2247 2245 2241 2238 2234 2231 2228 2225 2220 2217 2214 2213 2210 2209 2207 2206 2203 2201 2198 2198 2197 2200 2201 2202 2202 2204 2206 2210 2211 2210 2208 2204 2199 2195 2191 2187 2182 2178 2172 2168 2164 2159 2154 2150 2149 2149 2148 2149 2150 2150 2150 2151 2151 2151 2152 2152 2153 2152 2151 2151 2153 2153 2155 2157 2159
2277 2272 2267 2261 2256 2251 2246 2248 2251 2255 2259 2260 2260 2260 2260 2261 2261 2261 2262 2259 2256 2252 2249 2246 2243 2239 2236 2232 2229 2225 2225 2224 2223 2221 2220 2219 2219 2216 2217 2219 2221 2221 2222 2224 2225 2226 2227 2228 2227 2222 2217 2210 2203 2200 2197 2193 2189 2186 2183 2179 2176 2173 2168 2167 2167 2167 2166 2166 2166 2165 2164 2164 2164 2164 2163 2162 2162 2162 2161 2163 2166 2168 2170 2172
2305 2299 2292 2284 2276 2269 2263 2266 2270 2273 2277 2277 2277 2277 2277 2276 2276 2276 2275 2271 2268 2265 2261 2257 2254 2251 2247 2243 2240 2237 2237 2237 2237 2237 2236 2237 2238 2237 2239 2241 2243 2244 2245 2245 2246 2244 2245 2246 2240 2237 2232 2228 2221 2216 2212 2207 2202 2200 2200 2197 2192 2190 2188 2187 2185 2184 2183 2182 2180 2179 2178 2177 2177 2176 2174 2173 2172 2172 2172 2175 2177 2180 2181 2184
2324 2315 2308 2301 2294 2286 2280 2284 2288 2290 2294 2295 2294 2292 2291 2290 2289 2287 2286 2283 2280 2276 2272 2269 2266 2263 2259 2255 2252 2249 2249 2248 2248 2248 2249 2252 2255 2258 2259 2262 2264 2266 2265 2265 2264 2263 2261 2256 2253 2249 2245 2241 2238 2234 2229 2226 2222 2219 2215 2212 2209 2207 2204 2201 2199 2197 2196 2194 2193 2192 2190 2189 2187 2185 2184 2183 2182 2182 2183 2185 2186 2189 2191 2193
2346 2338 2330 2320 2312 2304 2299 2301 2306 2310 2313 2313 2313 2313 2310 2306 2303 2301 2299 2296 2292 2288 2285 2282 2277 2274 2271 2267 2264 2261 2260 2259 2257 2261 2266 2271 2275 2278 2281 2283 2284 2286 2285 2282 2278 2275 2270 2266 2262 2260 2257 2254 2252 2249 2245 2242 2239 2237 2233 2230 2227 2224 2220 2218 2215 2212 2209 2206 2203 2201 2199 2198 2197 2195 2194 2193 2193 2192 2192 2193 2195 2196 2198 2199
2370 2362 2356 2347 2338 2330 2324 2325 2328 2331 2333 2334 2335 2336 2330 2327 2323 2320 2316 2313 2310 2306 2301 2299 2294 2290 2285 2280 2276 2272 2270 2270 2275 2281 2285 2291 2297 2300 2300 2302 2304 2303 2298 2293 2288 2283 2278 2275 2273 2271 2269 2267 2264 2263 2261 2259 2256 2254 2251 2247 2244 2242 2239 2236 2233 2231 2229 2225 2222 2220 2218 2214 2211 2209 2207 2205 2203 2202 2203 2205 2212 2214 2219 2225
2408 2407 2401 2391 2377 2365 2355 2352 2348 2351 2354 2356 2355 2356 2351 2347 2341 2336 2332 2327 2321 2317 2312 2308 2302 2298 2293 2289 2284 2283 2287 2292 2300 2302 2304 2308 2311 2313 2315 2318 2318 2310 2301 2297 2294 2290 2287 2284 2283 2281 2280 2280 2279 2277 2275 2274 2273 2271 2268 2265 2263 2260 2257 2254 2252 2248 2246 2243 2241 2238 2236 2232 2230 2227 2226 2223 2222 2222 2224 2228 2232 2237 2240 2243
2426 2423 2416 2410 2404 2394 2383 2377 2370 2373 2373 2376 2378 2379 2372 2367 2362 2357 2351 2346 2341 2336 2328 2320 2311 2303 2298 2295 2291 2293 2299 2306 2311 2317 2322 2326 2332 2337 2340 2337 2334 2327 2320 2312 2305 2299 2296 2292 2292 2292 2292 2292 2292 2292 2292 2290 2290 2289 2286 2284 2281 2278 2275 2273 2270 2267 2264 2262 2259 2256 2253 2251 2248 2244 2243 2243 2242 2241 2244 2248 2251 2255 2259 2263
2442 2439 2434 2428 2422 2417 2411 2400 2390 2392 2395 2397 2399 2401 2395 2388 2381 2372 2364 2358 2351 2343 2337 2331 2324 2316 2309 2303 2298 2303 2310 2317 2326 2334 2344 2353 2362 2366 2362 2356 2352 2344 2337 2329 2323 2315 2307 2303 2304 2305 2306 2305 2305 2306 2306 2305 2305 2306 2304 2300 2298 2296 2294 2290 2288 2285 2283 2279 2277 2274 2270 2268 2265 2263 2260 2260 2260 2261 2263 2267 2271 2274 2278 2282
2458 2455 2453 2451 2449 2447 2444 2430 2420 2420 2421 2420 2421 2421 2415 2405 2395 2388 2380 2372 2364 2357 2349 2341 2334 2326 2319 2311 2311 2318 2324 2330 2338 2347 2356 2363 2372 2382 2381 2375 2368 2360 2353 2346 2340 2332 2325 2321 2321 2321 2322 2322 2322 2321 2321 2322 2321 2322 2320 2319 2316 2313 2307 2302 2300 2298 2296 2294 2291 2289 2287 2285 2282 2280 2279 2279 2280 2282 2282 2285 2289 2292 2293 2296
2474 2472 2472 2473 2474 2473 2474 2466 2460 2456 2454 2451 2440 2429 2417 2405 2396 2389 2382 2374 2367 2360 2353 2346 2338 2331 2323 2322 2327 2333 2339 2343 2350 2357 2363 2369 2376 2383 2390 2391 2385 2378 2372 2364 2357 2351 2343 2339 2339 2339 2337 2337 2337 2338 2337 2338 2338 2339 2338 2338 2338 2336 2332 2329 2326 2323 2320 2317 2311 2307 2304 2300 2299 2299 2299 2300 2300 2302 2304 2307 2306 2308 2309 2315
2489 2489 2492 2494 2497 2500 2504 2501 2496 2484 2471 2459 2447 2434 2422 2408 2398 2391 2385 2378 2371 2364 2358 2351 2344 2339 2341 2343 2347 2350 2353 2357 2361 2366 2371 2376 2382 2388 2393 2399 2401 2398 2389 2383 2375 2367 2360 2357 2355 2355 2354 2354 2354 2354 2355 2356 2356 2357 2357 2359 2360 2360 2355 2352 2349 2347 2342 2339 2336 2333 2328 2325 2322 2321 2322 2324 2326 2327 2329 2331 2332 2330 2330 2336
2509 2507 2511 2516 2521 2524 2522 2513 2503 2490 2476 2462 2447 2434 2422 2407 2397 2391 2384 2378 2372 2366 2364 2364 2364 2365 2364 2363 2365 2367 2368 2370 2373 2377 2380 2384 2388 2392 2395 2398 2404 2408 2406 2403 2400 2390 2380 2375 2372 2371 2370 2370 2370 2371 2372 2372 2372 2374 2377 2380 2381 2382 2379 2377 2372 2370 2367 2362 2359 2356 2353 2349 2347 2349 2351 2349 2352 2354 2355 2357 2357 2354 2353 2360
2537 2534 2537 2535 2532 2529 2527 2515 2504 2492 2477 2463 2449 2436 2423 2410 2399 2393 2387 2381 2379 2378 2377 2380 2381 2383 2385 2386 2384 2383 2383 2383 2385 2389 2394 2399 2404 2411 2413 2416 2419 2421 2416 2411 2405 2399 2395 2392 2390 2389 2386 2386 2387 2388 2388 2388 2389 2390 2394 2397 2401 2402 2399 2397 2395 2391 2388 2386 2383 2379 2377 2374 2372 2374 2376 2376 2378 2380 2381 2381 2380 2377 2374 2378
2562 2557 2551 2546 2541 2536 2531 2520 2508 2495 2479 2465 2454 2445 2434 2425 2415 2404 2397 2396 2394 2392 2390 2394 2398 2401 2405 2406 2403 2401 2399 2397 2397 2404 2412 2419 2426 2433 2432 2433 2432 2432 2431 2430 2426 2422 2419 2413 2409 2405 2402 2401 2402 2402 2403 2403 2406 2408 2411 2413 2416 2420 2422 2420 2417 2411 2406 2404 2402 2400 2400 2398 2397 2397 2398 2400 2400 2400 2400 2400 2400 2396 2389 2391
2575 2568 2562 2556 2550 2544 2537 2526 2512 2502 2491 2481 2469 2459 2453 2445 2437 2430 2421 2414 2411 2409 2406 2410 2416 2422 2426 2429 2427 2424 2423 2422 2425 2431 2437 2443 2451 2454 2451 2449 2447 2444 2445 2446 2447 2442 2439 2436 2432 2428 2424 2424 2424 2424 2425 2424 2426 2428 2430 2434 2439 2444 2441 2436 2431 2426 2422 2415 2400 2398 2396 2395 2400 2403 2405 2402 2394 2389 2397 2400 2399 2385 2367 2368
2589 2581 2573 2565 2557 2550 2541 2532 2523 2514 2504 2495 2485 2476 2466 2458 2452 2447 2441 2434 2432 2432 2432 2435 2440 2445 2450 2451 2460 2460 2456 2454 2457 2460 2460 2462 2466 2470 2466 2463 2460 2456 2458 2461 2463 2462 2458 2457 2454 2450 2448 2448 2447 2445 2444 2446 2449 2450 2452 2456 2460 2460 2439 2407 2395 2384 2387 2400 2393 2384 2374 2364 2375 2393 2392 2376 2361 2355 2360 2363 2365 2355 2345 2346
2595 2586 2578 2570 2562 2554 2547 2539 2531 2522 2515 2507 2499 2493 2487 2481 2474 2466 2460 2455 2455 2455 2456 2460 2462 2463 2465 2468 2471 2474 2477 2465 2444 2439 2436 2447 2455 2462 2471 2485 2484 2483 2484 2482 2483 2483 2481 2480 2478 2476 2475 2472 2474 2475 2472 2467 2470 2470 2470 2453 2425 2396 2374 2354 2332 2307 2320 2338 2336 2335 2333 2332 2341 2350 2350 2339 2329 2322 2325 2328 2334 2329 2324 2322
2591 2585 2580 2572 2557 2552 2547 2541 2536 2531 2524 2522 2514 2503 2496 2490 2484 2481 2480 2479 2482 2477 2469 2459 2450 2444 2434 2424 2413 2406 2399 2389 2379 2373 2373 2373 2376 2381 2384 2387 2398 2408 2419 2432 2450 2457 2465 2473 2484 2486 2484 2479 2475 2469 2462 2456 2452 2440 2428 2416 2402 2380 2359 2337 2315 2291 2277 2284 2292 2300 2301 2300 2300 2308 2316 2297 2293 2288 2295 2300 2300 2302 2303 2305
2497 2496 2493 2490 2488 2496 2500 2494 2482 2472 2458 2443 2429 2415 2400 2400 2397 2393 2390 2390 2388 2386 2383 2387 2381 2375 2375 2367 2361 2355 2352 2345 2338 2330 2333 2331 2333 2336 2342 2345 2345 2344 2349 2349 2354 2363 2375 2383 2390 2398 2413 2435 2438 2433 2428 2423 2420 2408 2400 2388 2377 2358 2340 2321 2304 2279 2254 2242 2247 2251 2255 2259 2264 2268 2271 2257 2256 2254 2258 2266 2271 2274 2277 2278
2449 2446 2442 2443 2439 2439 2428 2421 2413 2407 2400 2396 2389 2384 2378 2373 2368 2364 2359 2354 2350 2345 2340 2335 2333 2328 2323 2318 2315 2311 2306 2300 2299 2298 2297 2295 2296 2297 2298 2300 2298 2294 2292 2288 2291 2300 2317 2333 2349 2366 2385 2403 2400 2393 2400 2393 2383 2394 2382 2366 2348 2329 2314 2298 2276 2257 2237 2215 2200 2208 2214 2219 2221 2220 2219 2214 2215 2217 2222 2229 2237 2244 2244 2245
2431 2426 2423 2419 2415 2410 2406 2401 2396 2390 2385 2380 2374 2368 2363 2357 2351 2345 2341 2337 2332 2327 2323 2319 2314 2309 2306 2300 2297 2293 2289 2285 2281 2278 2274 2271 2272 2272 2272 2273 2272 2268 2265 2262 2267 2276 2285 2295 2306 2317 2328 2343 2345 2339 2334 2332 2333 2343 2322 2305 2291 2276 2260 2248 2232 2217 2200 2189 2178 2180 2183 2186 2185 2185 2184 2182 2183 2188 2192 2196 2203 2216 2211 2205
2419 2416 2412 2409 2406 2402 2396 2388 2383 2375 2368 2360 2355 2348 2342 2337 2332 2326 2320 2315 2309 2303 2299 2295 2289 2285 2280 2275 2269 2264 2260 2258 2255 2252 2251 2248 2247 2247 2248 2247 2244 2243 2240 2237 2236 2242 2245 2248 2252 2261 2264 2271 2277 2282 2275 2267 2278 2287 2269 2255 2238 2221 2204 2197 2187 2177 2166 2159 2149 2148 2152 2159 2157 2155 2154 2157 2157 2159 2165 2173 2179 2185 2182 2181
