sample/alps_06.asc
ncols        437
nrows        274
xllcorner    9.825138888890
yllcorner    46.682361111112
cellsize     0.000277777778
NODATA_value -9999
[rows 114 to 151 of 274, columns 0 to 83 of 437]
2563 2555 2545 2535 2526 2518 2513 2514 2504 2493 2477 2460 2446 2433 2420 2420 2419 2418 2420 2417 2412 2407 2402 2391 2377 2360 2357 2353 2349 2345 2340 2339 2330 2320 2308 2293 2278 2267 2256 2247 2237 2224 2213 2203 2192 2180 2171 2161 2149 2134 2115 2101 2087 2072 2057 2043 2029 2017 2007 1995 1981 1965 1951 1939 1929 1919 1906 1893 1878 1863 1846 1839 1842 1846 1850 1852 1853 1855 1857 1859 1861 1864 1866 1869
2577 2567 2558 2547 2540 2535 2536 2544 2513 2494 2474 2456 2443 2432 2422 2426 2432 2430 2428 2425 2422 2412 2398 2384 2370 2360 2356 2352 2348 2344 2339 2334 2329 2323 2313 2299 2281 2269 2257 2245 2233 2222 2214 2207 2200 2189 2178 2165 2151 2137 2127 2114 2096 2082 2067 2052 2039 2025 2011 1997 1984 1967 1953 1942 1929 1916 1903 1893 1880 1867 1850 1840 1843 1846 1850 1851 1853 1855 1856 1858 1860 1862 1865 1867
2592 2581 2573 2564 2560 2560 2571 2538 2514 2495 2475 2458 2445 2439 2437 2442 2444 2439 2435 2428 2422 2409 2394 2379 2374 2368 2362 2358 2354 2351 2346 2340 2332 2324 2312 2298 2285 2271 2257 2244 2233 2223 2216 2210 2204 2196 2188 2178 2166 2154 2140 2123 2109 2093 2074 2059 2042 2028 2013 1999 1985 1972 1960 1950 1940 1927 1915 1904 1889 1872 1856 1847 1844 1842 1845 1848 1850 1852 1854 1856 1858 1860 1863 1865
2615 2604 2598 2593 2593 2591 2564 2541 2515 2491 2474 2460 2450 2441 2450 2458 2457 2452 2444 2441 2429 2414 2400 2393 2386 2380 2374 2367 2360 2360 2357 2346 2336 2324 2313 2302 2290 2277 2260 2247 2235 2223 2215 2210 2203 2197 2190 2184 2172 2158 2148 2139 2122 2102 2084 2069 2054 2033 2017 2002 1991 1979 1970 1959 1948 1934 1918 1906 1893 1878 1862 1852 1847 1845 1841 1844 1848 1850 1852 1854 1856 1858 1860 1863
2637 2631 2631 2625 2612 2591 2565 2541 2517 2495 2481 2470 2460 2456 2460 2459 2456 2454 2450 2447 2440 2440 2426 2414 2406 2399 2393 2388 2382 2376 2367 2356 2345 2332 2319 2307 2294 2279 2265 2250 2237 2224 2216 2209 2202 2196 2191 2186 2181 2164 2151 2139 2127 2111 2094 2075 2056 2040 2025 2009 1996 1985 1976 1966 1954 1939 1920 1908 1894 1878 1868 1859 1853 1846 1843 1845 1847 1850 1852 1853 1855 1857 1859 1861
2662 2652 2642 2628 2609 2591 2570 2549 2521 2502 2489 2477 2467 2465 2466 2463 2461 2459 2458 2472 2490 2485 2460 2442 2428 2420 2417 2410 2402 2394 2380 2365 2353 2340 2323 2309 2296 2280 2268 2253 2238 2227 2218 2210 2201 2196 2192 2188 2183 2169 2155 2146 2135 2121 2103 2087 2068 2048 2032 2020 2006 1993 1980 1968 1956 1940 1922 1908 1894 1880 1871 1862 1856 1848 1844 1847 1850 1850 1851 1852 1853 1854 1855 1856
2674 2658 2641 2624 2610 2595 2577 2555 2531 2511 2496 2483 2474 2471 2472 2470 2472 2475 2486 2507 2522 2503 2500 2488 2474 2457 2443 2431 2421 2409 2395 2381 2370 2355 2336 2322 2305 2289 2272 2256 2242 2233 2224 2214 2205 2197 2194 2188 2184 2177 2160 2149 2140 2127 2110 2091 2072 2055 2040 2028 2015 2003 1985 1970 1954 1939 1924 1909 1896 1884 1875 1867 1859 1847 1844 1846 1848 1850 1850 1851 1852 1853 1854 1855
2676 2664 2650 2636 2616 2600 2584 2570 2550 2523 2505 2495 2487 2480 2479 2477 2479 2487 2508 2533 2547 2545 2530 2525 2513 2488 2467 2464 2450 2432 2411 2393 2381 2371 2356 2335 2315 2300 2276 2260 2245 2235 2228 2220 2213 2207 2201 2195 2188 2181 2172 2160 2144 2125 2110 2095 2080 2062 2042 2027 2012 1998 1984 1972 1958 1945 1926 1909 1894 1882 1874 1867 1861 1847 1844 1846 1847 1848 1850 1850 1850 1851 1852 1853
2655 2644 2631 2619 2609 2599 2589 2576 2562 2536 2520 2506 2498 2495 2493 2490 2496 2512 2533 2559 2573 2588 2583 2554 2524 2499 2485 2501 2478 2445 2424 2408 2394 2380 2369 2355 2331 2304 2283 2264 2249 2237 2229 2221 2215 2209 2202 2196 2189 2183 2174 2164 2149 2130 2115 2100 2084 2064 2049 2034 2022 2006 1990 1974 1955 1935 1919 1908 1896 1886 1876 1868 1860 1852 1847 1845 1846 1847 1848 1848 1849 1849 1849 1849
2637 2625 2613 2600 2589 2577 2569 2560 2554 2545 2537 2529 2518 2512 2505 2504 2518 2541 2562 2583 2603 2613 2594 2560 2552 2542 2539 2523 2494 2459 2432 2415 2398 2385 2372 2359 2340 2314 2289 2269 2251 2239 2232 2224 2217 2210 2204 2198 2189 2179 2170 2161 2148 2133 2116 2102 2088 2073 2059 2039 2020 2004 1988 1969 1953 1940 1925 1911 1898 1883 1874 1866 1859 1855 1851 1848 1846 1846 1847 1847 1848 1849 1849 1849
2625 2614 2606 2598 2590 2583 2575 2565 2557 2550 2543 2536 2529 2523 2517 2525 2545 2563 2580 2598 2614 2620 2610 2597 2578 2560 2546 2523 2497 2464 2434 2414 2398 2382 2363 2347 2331 2315 2295 2271 2255 2243 2234 2226 2218 2209 2200 2190 2179 2168 2157 2145 2133 2120 2107 2094 2078 2060 2049 2033 2019 2011 2001 1984 1969 1953 1934 1915 1900 1884 1874 1866 1859 1857 1856 1854 1852 1850 1849 1850 1849 1848 1850 1850
2626 2615 2607 2598 2592 2585 2578 2569 2562 2556 2549 2542 2537 2533 2533 2544 2563 2579 2593 2606 2617 2602 2588 2574 2563 2547 2528 2510 2486 2460 2436 2418 2402 2382 2355 2332 2315 2300 2284 2270 2258 2244 2232 2220 2211 2200 2191 2182 2170 2159 2150 2141 2128 2116 2106 2093 2083 2073 2062 2047 2028 2011 1994 1979 1966 1951 1935 1918 1903 1890 1879 1873 1867 1860 1859 1858 1857 1856 1853 1852 1851 1850 1849 1850
2624 2616 2610 2604 2596 2589 2582 2572 2565 2566 2554 2543 2539 2540 2560 2574 2588 2602 2610 2600 2594 2582 2563 2545 2535 2520 2510 2499 2478 2455 2436 2419 2402 2382 2360 2333 2312 2292 2278 2266 2255 2242 2230 2219 2209 2200 2190 2180 2172 2164 2154 2144 2134 2125 2114 2103 2090 2075 2060 2045 2031 2016 1998 1976 1960 1948 1933 1917 1903 1894 1884 1878 1871 1865 1860 1859 1858 1857 1856 1855 1854 1852 1851 1850
2640 2635 2628 2623 2616 2608 2601 2594 2590 2595 2583 2574 2566 2576 2590 2602 2611 2610 2599 2589 2578 2551 2542 2528 2516 2506 2493 2478 2464 2443 2426 2410 2396 2378 2362 2338 2307 2290 2277 2265 2254 2243 2232 2222 2214 2206 2198 2186 2176 2167 2157 2144 2135 2127 2116 2101 2088 2072 2054 2032 2017 2009 2001 1984 1970 1956 1933 1918 1908 1899 1892 1885 1878 1872 1866 1860 1859 1859 1858 1857 1856 1854 1853 1852
2674 2663 2654 2652 2646 2639 2632 2625 2621 2624 2615 2603 2601 2614 2625 2617 2604 2595 2584 2572 2559 2536 2522 2510 2497 2485 2472 2461 2444 2428 2411 2398 2380 2356 2339 2322 2309 2294 2282 2269 2259 2249 2239 2230 2221 2210 2197 2185 2174 2164 2155 2147 2138 2128 2113 2096 2080 2072 2062 2044 2020 2002 1988 1972 1956 1945 1935 1924 1914 1904 1895 1885 1879 1877 1874 1872 1869 1867 1864 1862 1860 1858 1856 1854
2691 2685 2684 2681 2676 2671 2663 2658 2655 2658 2663 2649 2634 2618 2600 2589 2580 2574 2565 2557 2547 2529 2512 2501 2484 2470 2457 2444 2429 2413 2399 2382 2365 2352 2339 2326 2313 2302 2288 2276 2266 2256 2247 2237 2225 2211 2198 2189 2180 2170 2160 2146 2132 2120 2113 2106 2100 2091 2077 2058 2041 2020 2001 1987 1973 1958 1943 1930 1916 1903 1895 1886 1879 1877 1875 1873 1870 1868 1865 1863 1861 1860 1858 1856
2731 2723 2718 2710 2702 2693 2682 2671 2664 2654 2639 2624 2608 2594 2579 2570 2560 2555 2550 2546 2534 2519 2503 2488 2473 2457 2442 2429 2417 2400 2390 2379 2367 2351 2338 2329 2318 2305 2293 2283 2272 2260 2246 2233 2223 2213 2204 2193 2185 2173 2159 2143 2137 2132 2127 2121 2113 2104 2090 2071 2047 2029 2011 1996 1987 1974 1950 1933 1918 1902 1897 1892 1888 1883 1879 1876 1874 1871 1868 1865 1863 1862 1860 1858
2730 2720 2708 2695 2683 2670 2657 2645 2635 2622 2610 2598 2586 2574 2563 2555 2547 2540 2535 2533 2523 2509 2491 2474 2461 2445 2432 2418 2404 2394 2384 2373 2360 2349 2337 2326 2315 2304 2292 2279 2268 2255 2243 2233 2225 2216 2207 2197 2184 2172 2159 2157 2151 2147 2143 2136 2126 2114 2096 2074 2057 2046 2033 2021 2006 1983 1958 1934 1919 1913 1908 1903 1898 1893 1887 1881 1878 1874 1870 1866 1864 1863 1862 1861
2725 2712 2697 2679 2664 2648 2633 2615 2599 2591 2580 2576 2569 2561 2554 2545 2538 2533 2528 2522 2513 2500 2485 2470 2455 2438 2426 2412 2399 2388 2378 2368 2358 2347 2335 2326 2315 2303 2290 2279 2269 2258 2252 2246 2240 2226 2213 2199 2191 2182 2178 2172 2167 2162 2155 2144 2134 2123 2108 2095 2081 2066 2050 2032 2013 1989 1968 1944 1934 1926 1918 1912 1905 1899 1894 1889 1884 1879 1874 1869 1866 1864 1863 1861
2708 2702 2693 2674 2655 2636 2618 2600 2582 2572 2563 2558 2554 2550 2545 2541 2536 2531 2526 2520 2509 2495 2479 2464 2447 2432 2418 2406 2393 2380 2371 2362 2353 2344 2333 2322 2311 2301 2290 2280 2275 2270 2265 2260 2247 2233 2219 2208 2202 2196 2188 2181 2172 2162 2155 2148 2141 2129 2114 2097 2080 2059 2040 2022 2005 1983 1965 1951 1940 1932 1924 1917 1910 1904 1897 1892 1886 1880 1875 1870 1866 1865 1863 1861
2700 2690 2677 2656 2638 2620 2600 2586 2572 2558 2548 2540 2536 2534 2531 2527 2525 2522 2518 2512 2503 2488 2471 2454 2439 2428 2415 2400 2390 2380 2370 2360 2352 2342 2332 2320 2313 2306 2299 2291 2284 2276 2267 2255 2240 2233 2223 2215 2208 2200 2188 2173 2158 2150 2142 2133 2123 2113 2104 2091 2071 2047 2028 2011 1994 1977 1960 1951 1941 1933 1925 1918 1912 1907 1901 1896 1889 1883 1877 1872 1868 1866 1863 1861
2685 2672 2657 2640 2624 2607 2591 2577 2565 2552 2539 2529 2520 2517 2514 2511 2507 2504 2502 2498 2487 2475 2460 2445 2432 2420 2408 2397 2386 2376 2365 2358 2353 2347 2343 2334 2324 2313 2303 2293 2284 2272 2258 2244 2234 2224 2216 2209 2200 2182 2171 2163 2161 2146 2131 2116 2105 2094 2084 2071 2057 2037 2015 1999 1993 1987 1982 1970 1951 1935 1919 1912 1904 1899 1893 1888 1882 1879 1875 1872 1869 1866 1863 1860
2672 2655 2637 2627 2616 2605 2591 2576 2563 2552 2541 2529 2518 2512 2505 2498 2496 2489 2483 2477 2467 2457 2447 2437 2425 2414 2404 2395 2385 2378 2372 2367 2361 2355 2348 2341 2328 2317 2304 2290 2275 2260 2250 2239 2230 2220 2210 2200 2188 2181 2185 2186 2181 2166 2152 2140 2126 2107 2089 2069 2053 2040 2035 2030 2025 2019 2006 1988 1965 1943 1927 1914 1906 1897 1890 1882 1878 1875 1872 1869 1867 1865 1863 1861
2663 2636 2616 2611 2603 2594 2584 2572 2560 2549 2537 2525 2516 2507 2498 2490 2484 2476 2469 2462 2455 2447 2438 2425 2415 2407 2397 2390 2383 2377 2370 2363 2356 2360 2353 2340 2323 2308 2294 2280 2268 2258 2248 2238 2228 2218 2208 2206 2209 2210 2205 2201 2189 2177 2167 2155 2137 2117 2097 2084 2075 2069 2064 2060 2048 2034 2012 1992 1973 1952 1936 1924 1913 1901 1889 1879 1875 1872 1870 1868 1867 1865 1864 1861
2641 2616 2600 2594 2587 2580 2573 2563 2553 2543 2533 2521 2512 2502 2495 2487 2480 2472 2464 2454 2446 2436 2424 2416 2407 2400 2392 2385 2379 2374 2370 2365 2361 2361 2358 2339 2322 2308 2295 2280 2269 2258 2250 2242 2230 2220 2220 2227 2226 2221 2210 2200 2195 2190 2180 2160 2139 2124 2114 2107 2102 2094 2084 2070 2054 2033 2013 1996 1976 1961 1948 1936 1921 1903 1888 1879 1875 1871 1869 1868 1867 1866 1864 1862
2618 2606 2590 2578 2570 2560 2557 2550 2544 2536 2527 2518 2508 2497 2486 2476 2468 2459 2451 2442 2433 2424 2416 2410 2405 2399 2395 2390 2385 2380 2375 2371 2367 2364 2361 2347 2328 2313 2299 2284 2272 2261 2250 2239 2235 2231 2239 2240 2234 2225 2219 2214 2208 2202 2188 2175 2160 2151 2142 2134 2122 2107 2088 2072 2055 2038 2018 2006 1996 1984 1968 1952 1940 1914 1891 1878 1875 1870 1869 1868 1867 1866 1865 1864
2606 2595 2583 2570 2560 2551 2542 2538 2533 2527 2522 2513 2503 2490 2478 2468 2460 2453 2445 2437 2428 2419 2414 2409 2404 2400 2396 2392 2388 2384 2381 2376 2370 2365 2360 2346 2330 2315 2303 2287 2273 2260 2247 2239 2245 2252 2249 2246 2244 2241 2236 2231 2226 2220 2206 2194 2179 2171 2162 2150 2134 2116 2100 2084 2069 2054 2038 2024 2020 2003 1983 1968 1950 1928 1897 1880 1874 1870 1869 1868 1868 1867 1866 1865
2593 2580 2574 2566 2558 2550 2544 2538 2533 2527 2522 2510 2495 2480 2471 2463 2456 2450 2443 2436 2429 2423 2416 2408 2402 2398 2396 2392 2390 2387 2384 2381 2373 2362 2348 2335 2319 2309 2298 2282 2264 2259 2259 2260 2264 2267 2266 2263 2261 2257 2252 2247 2241 2233 2224 2212 2201 2190 2174 2162 2147 2128 2109 2095 2081 2069 2057 2043 2029 2012 1997 1980 1966 1938 1918 1891 1874 1870 1869 1869 1868 1867 1866 1866
2584 2575 2569 2560 2556 2551 2547 2543 2537 2529 2520 2504 2486 2475 2468 2461 2454 2448 2440 2435 2430 2424 2419 2414 2407 2402 2398 2394 2391 2387 2384 2381 2368 2353 2338 2324 2313 2303 2296 2290 2287 2285 2283 2282 2281 2283 2282 2278 2273 2268 2261 2255 2249 2242 2234 2225 2214 2200 2184 2166 2150 2135 2119 2101 2088 2075 2062 2048 2035 2022 2004 1989 1972 1948 1924 1895 1877 1870 1870 1869 1868 1868 1867 1867
2583 2576 2571 2566 2560 2555 2550 2544 2538 2529 2519 2504 2487 2474 2462 2456 2450 2444 2439 2436 2433 2430 2426 2423 2420 2411 2403 2397 2392 2387 2382 2373 2360 2344 2326 2318 2312 2308 2305 2304 2304 2302 2300 2299 2299 2302 2300 2294 2286 2278 2268 2259 2252 2246 2239 2230 2221 2208 2190 2171 2155 2141 2127 2112 2095 2079 2066 2053 2040 2027 2011 1993 1974 1949 1925 1904 1890 1877 1870 1870 1869 1869 1868 1868
2579 2574 2569 2564 2558 2550 2540 2535 2530 2524 2515 2497 2482 2467 2458 2453 2449 2444 2440 2437 2433 2430 2427 2424 2420 2407 2398 2393 2388 2383 2375 2365 2352 2339 2332 2330 2327 2322 2320 2316 2315 2315 2315 2315 2317 2317 2311 2305 2296 2288 2276 2264 2255 2249 2241 2232 2222 2209 2195 2178 2165 2148 2135 2122 2104 2087 2073 2059 2043 2029 2013 1997 1979 1951 1930 1915 1900 1889 1879 1872 1870 1870 1870 1869
2575 2567 2559 2552 2546 2539 2535 2530 2525 2519 2508 2493 2479 2473 2466 2460 2455 2450 2445 2440 2433 2428 2424 2418 2413 2408 2404 2397 2389 2380 2370 2360 2360 2360 2351 2342 2338 2335 2332 2330 2330 2334 2336 2334 2334 2331 2325 2319 2308 2296 2285 2275 2267 2257 2247 2237 2226 2214 2200 2187 2173 2158 2140 2122 2110 2100 2085 2068 2050 2031 2011 1990 1972 1955 1939 1924 1910 1898 1887 1878 1872 1870 1870 1870
2567 2559 2550 2543 2538 2535 2532 2528 2524 2520 2510 2498 2488 2480 2474 2465 2459 2454 2449 2444 2439 2432 2425 2419 2412 2406 2399 2393 2385 2380 2381 2382 2377 2366 2360 2356 2354 2350 2345 2349 2353 2355 2354 2351 2347 2343 2338 2327 2315 2304 2294 2285 2276 2268 2257 2245 2233 2221 2207 2193 2179 2159 2145 2128 2114 2106 2095 2076 2054 2034 2015 1998 1978 1959 1941 1930 1918 1906 1895 1884 1878 1874 1871 1871
2560 2554 2547 2540 2537 2533 2530 2526 2523 2516 2508 2499 2493 2487 2480 2474 2468 2460 2455 2450 2445 2440 2432 2424 2417 2410 2403 2399 2398 2395 2390 2385 2380 2378 2378 2374 2371 2367 2367 2370 2370 2370 2368 2363 2359 2352 2344 2334 2322 2313 2305 2296 2286 2275 2260 2250 2240 2228 2215 2199 2187 2170 2152 2135 2118 2104 2088 2068 2052 2038 2017 1998 1982 1962 1949 1937 1924 1912 1899 1888 1879 1876 1873 1874
2571 2565 2558 2551 2544 2538 2532 2526 2520 2514 2508 2501 2494 2488 2482 2476 2468 2462 2458 2453 2448 2443 2438 2429 2420 2414 2407 2403 2401 2398 2396 2394 2390 2391 2395 2392 2390 2388 2383 2384 2386 2383 2379 2376 2370 2364 2356 2342 2330 2319 2310 2301 2291 2280 2266 2252 2240 2232 2222 2206 2188 2173 2157 2142 2122 2106 2088 2072 2058 2036 2017 2002 1987 1969 1954 1939 1926 1912 1902 1890 1880 1878 1876 1877
2585 2577 2570 2563 2555 2548 2540 2533 2525 2520 2513 2505 2498 2491 2485 2478 2472 2466 2460 2456 2452 2448 2443 2437 2424 2418 2415 2411 2406 2403 2401 2404 2408 2410 2414 2414 2411 2409 2404 2403 2402 2396 2392 2387 2381 2373 2362 2348 2335 2322 2311 2300 2290 2280 2268 2256 2246 2236 2226 2215 2202 2185 2168 2150 2130 2113 2096 2079 2062 2047 2032 2018 1997 1980 1957 1943 1929 1916 1904 1893 1881 1879 1878 1879
2599 2591 2583 2575 2567 2560 2553 2544 2535 2529 2520 2512 2502 2496 2490 2484 2477 2471 2465 2459 2453 2447 2443 2438 2433 2428 2424 2420 2418 2417 2418 2421 2421 2421 2420 2420 2420 2420 2415 2411 2406 2402 2397 2391 2385 2378 2363 2348 2335 2322 2313 2304 2295 2285 2272 2259 2250 2242 2232 2221 2207 2193 2174 2156 2140 2122 2104 2087 2072 2056 2035 2014 1999 1984 1968 1950 1932 1916 1900 1892 1883 1881 1882 1882
2614 2606 2597 2588 2580 2571 2564 2555 2545 2537 2529 2520 2513 2506 2497 2490 2484 2478 2472 2466 2460 2456 2451 2447 2442 2438 2437 2437 2435 2438 2437 2431 2426 2421 2417 2411 2405 2399 2396 2392 2390 2386 2383 2380 2374 2367 2359 2348 2335 2321 2313 2306 2298 2288 2278 2265 2255 2246 2237 2227 2215 2200 2179 2162 2145 2126 2110 2094 2077 2062 2046 2033 2022 2002 1983 1959 1941 1920 1904 1895 1887 1886 1886 1885
