sample/alps_02.asc
ncols        254
nrows        122
xllcorner    9.733472222223
yllcorner    46.527083333334
cellsize     0.000277777778
NODATA_value -9999
[rows 0 to 37 of 122, columns 0 to 83 of 254]
2633 2628 2622 2619 2617 2617 2619 2625 2631 2640 2646 2644 2642 2640 2636 2631 2636 2647 2659 2671 2673 2666 2660 2652 2650 2652 2656 2662 2654 2645 2637 2636 2640 2641 2640 2639 2637 2634 2633 2630 2628 2626 2625 2623 2620 2611 2602 2588 2594 2593 2594 2596 2598 2602 2608 2613 2626 2642 2659 2675 2692 2710 2701 2696 2703 2724 2744 2768 2788 2816 2827 2811 2814 2834 2840 2841 2842 2861 2901 2909 2896 2875 2854 2834
2650 2641 2634 2632 2631 2634 2637 2643 2652 2661 2661 2662 2660 2656 2654 2654 2665 2677 2688 2706 2699 2691 2684 2676 2671 2678 2687 2692 2682 2675 2666 2660 2658 2656 2654 2652 2650 2648 2647 2645 2644 2642 2640 2637 2632 2626 2625 2622 2620 2614 2612 2613 2617 2620 2625 2628 2637 2647 2660 2676 2694 2731 2726 2737 2751 2764 2777 2791 2810 2829 2851 2846 2835 2852 2867 2870 2873 2888 2905 2929 2904 2886 2868 2852
2670 2660 2650 2648 2648 2649 2655 2661 2667 2676 2677 2679 2678 2676 2678 2686 2689 2696 2716 2728 2718 2708 2699 2695 2693 2703 2710 2715 2714 2702 2696 2683 2677 2673 2668 2663 2659 2658 2656 2654 2652 2650 2649 2646 2644 2642 2642 2635 2640 2641 2633 2634 2636 2639 2643 2647 2654 2662 2679 2698 2700 2739 2759 2769 2777 2787 2797 2811 2824 2832 2847 2870 2857 2870 2887 2896 2901 2917 2939 2941 2900 2891 2881 2871
2686 2678 2673 2676 2683 2683 2688 2694 2690 2692 2697 2697 2697 2697 2698 2710 2710 2735 2760 2755 2747 2739 2730 2722 2714 2724 2733 2744 2743 2731 2720 2709 2696 2688 2680 2676 2673 2672 2671 2671 2669 2667 2665 2663 2662 2658 2656 2651 2653 2655 2651 2653 2656 2657 2661 2665 2669 2684 2700 2709 2721 2753 2777 2784 2791 2800 2817 2826 2835 2842 2854 2875 2880 2887 2901 2917 2933 2948 2963 2966 2942 2919 2903 2893
2699 2699 2712 2720 2729 2740 2737 2733 2723 2715 2716 2714 2715 2720 2727 2737 2756 2777 2788 2780 2772 2763 2755 2746 2736 2747 2760 2772 2772 2761 2748 2737 2726 2713 2702 2697 2691 2687 2687 2688 2688 2687 2686 2686 2683 2678 2675 2671 2671 2672 2671 2669 2673 2677 2681 2687 2695 2708 2720 2732 2744 2767 2796 2799 2808 2830 2842 2851 2859 2865 2872 2884 2902 2909 2925 2939 2954 2970 2985 2985 2974 2958 2943 2934
2719 2732 2747 2762 2783 2800 2784 2767 2751 2740 2739 2738 2736 2739 2745 2753 2782 2807 2824 2810 2800 2791 2780 2772 2764 2771 2792 2803 2804 2801 2793 2780 2769 2757 2743 2735 2728 2724 2719 2716 2712 2711 2711 2704 2699 2701 2700 2699 2697 2694 2693 2691 2693 2697 2700 2709 2719 2731 2744 2757 2767 2785 2804 2813 2825 2855 2865 2871 2878 2885 2892 2898 2912 2927 2943 2958 2975 2991 3010 3007 2997 2992 2986 2984
2738 2747 2760 2780 2798 2799 2789 2776 2760 2760 2758 2756 2755 2757 2759 2774 2796 2821 2852 2853 2835 2817 2800 2794 2788 2791 2807 2823 2828 2816 2800 2795 2790 2786 2781 2778 2773 2767 2759 2756 2754 2745 2740 2733 2724 2725 2717 2718 2722 2726 2723 2719 2717 2724 2733 2743 2753 2764 2774 2785 2796 2803 2818 2819 2830 2845 2858 2867 2875 2884 2892 2900 2919 2935 2951 2967 2983 3000 3023 3033 3040 3034 3026 3021
2747 2758 2774 2787 2800 2791 2783 2779 2780 2778 2776 2773 2770 2774 2783 2793 2815 2842 2872 2900 2892 2872 2852 2829 2811 2811 2827 2844 2860 2859 2854 2851 2849 2837 2830 2828 2819 2811 2803 2800 2798 2785 2770 2762 2754 2746 2744 2747 2753 2762 2754 2748 2744 2745 2759 2774 2782 2785 2792 2797 2806 2820 2834 2843 2839 2840 2847 2856 2867 2880 2894 2909 2925 2943 2959 2973 2991 3008 3025 3035 3045 3048 3040 3032
2757 2770 2784 2796 2800 2795 2789 2783 2780 2780 2780 2782 2783 2789 2795 2805 2834 2862 2892 2911 2921 2905 2885 2866 2849 2832 2850 2869 2883 2892 2898 2900 2903 2900 2887 2876 2864 2853 2843 2833 2823 2808 2796 2788 2785 2771 2781 2782 2783 2796 2789 2781 2771 2764 2784 2802 2809 2815 2818 2822 2834 2844 2856 2859 2855 2851 2854 2858 2866 2878 2895 2915 2932 2948 2963 2979 2995 3008 3015 3018 3018 3015 3011 3006
2765 2782 2794 2800 2800 2799 2796 2793 2792 2794 2794 2794 2795 2800 2807 2828 2852 2879 2904 2925 2948 2932 2915 2896 2876 2857 2887 2904 2911 2918 2925 2930 2921 2910 2900 2889 2880 2869 2862 2854 2846 2839 2832 2822 2817 2800 2806 2826 2820 2833 2817 2803 2794 2785 2806 2829 2850 2849 2848 2851 2859 2866 2871 2867 2863 2863 2867 2870 2874 2879 2892 2909 2926 2941 2956 2971 2986 2998 2999 3003 3005 2998 2991 2984
2778 2789 2802 2810 2810 2809 2807 2807 2807 2808 2809 2809 2808 2815 2825 2832 2858 2884 2909 2937 2964 2961 2942 2925 2908 2886 2903 2914 2925 2937 2948 2949 2937 2924 2913 2900 2893 2886 2883 2875 2869 2868 2867 2865 2850 2826 2854 2885 2879 2869 2850 2834 2817 2808 2821 2850 2878 2881 2877 2876 2881 2880 2879 2874 2869 2870 2871 2875 2878 2885 2896 2911 2927 2941 2956 2971 2982 2980 2980 2982 2986 2977 2967 2959
2783 2798 2813 2822 2822 2823 2823 2824 2826 2827 2827 2828 2828 2837 2847 2862 2867 2886 2908 2944 2981 2988 2970 2952 2930 2911 2921 2932 2946 2960 2971 2970 2962 2955 2945 2935 2920 2903 2902 2897 2893 2897 2901 2903 2884 2857 2910 2916 2909 2903 2889 2863 2841 2833 2835 2860 2885 2900 2900 2900 2894 2885 2880 2878 2876 2878 2882 2886 2890 2895 2900 2914 2928 2943 2958 2972 2979 2979 2980 2982 2980 2966 2953 2940
2797 2808 2824 2836 2836 2838 2840 2841 2843 2843 2845 2847 2851 2864 2884 2909 2892 2898 2931 2964 3000 3017 3004 2991 2975 2957 2961 2971 2981 2989 2998 2996 2990 2985 2980 2969 2951 2929 2926 2922 2916 2921 2929 2928 2909 2896 2925 2943 2944 2939 2908 2885 2865 2857 2855 2867 2883 2900 2900 2900 2894 2884 2880 2879 2882 2885 2888 2892 2896 2900 2908 2919 2933 2948 2962 2977 2978 2980 2980 2982 2976 2959 2943 2927
2801 2818 2831 2841 2845 2848 2851 2854 2857 2860 2863 2867 2874 2893 2915 2958 2926 2936 2961 2988 3010 3027 3033 3018 3005 2997 2998 3000 3003 3009 3016 3017 3015 3012 3008 2995 2976 2957 2951 2946 2942 2947 2957 2961 2946 2934 2950 2970 2971 2965 2937 2903 2888 2882 2879 2877 2892 2900 2900 2900 2895 2892 2887 2887 2890 2893 2897 2901 2906 2911 2916 2922 2936 2950 2964 2975 2979 2980 2980 2982 2974 2957 2940 2923
2801 2818 2833 2846 2853 2858 2862 2867 2872 2876 2880 2888 2896 2928 2970 3002 2968 2966 2986 3005 3020 3038 3027 3024 3020 3013 3005 2999 2997 3000 3011 3020 3029 3041 3048 3020 2996 2983 2978 2971 2966 2977 2986 2990 2986 2987 2983 2997 2999 2976 2952 2929 2916 2910 2901 2900 2901 2900 2900 2899 2897 2897 2895 2895 2900 2903 2906 2909 2913 2916 2919 2929 2942 2953 2965 2974 2978 2980 2980 2981 2980 2964 2944 2923
2815 2819 2833 2847 2858 2865 2871 2878 2884 2891 2897 2917 2940 2968 2995 3012 2991 3004 3010 3022 3034 3021 3009 3000 2993 2986 2980 2974 2973 2974 2978 2985 2992 2999 3012 3029 3037 3015 2999 2996 2992 3002 3008 3015 3017 3018 3017 3019 3000 2981 2962 2941 2924 2916 2910 2904 2900 2900 2900 2900 2900 2899 2904 2909 2915 2920 2924 2928 2933 2936 2940 2944 2952 2960 2969 2973 2976 2977 2980 2981 2976 2956 2936 2916
2817 2822 2834 2848 2863 2869 2878 2887 2897 2909 2924 2944 2962 2978 2998 3015 3016 3010 3002 3008 3004 2998 2991 2986 2979 2970 2962 2957 2953 2957 2962 2966 2970 2975 2981 2990 3000 3004 3008 3011 3016 3020 3025 3033 3040 3044 3040 3024 3000 2980 2959 2939 2919 2910 2900 2900 2900 2900 2900 2906 2911 2915 2920 2925 2930 2935 2940 2945 2949 2953 2958 2961 2967 2972 2966 2960 2960 2961 2961 2964 2966 2953 2932 2912
2827 2833 2837 2846 2857 2868 2880 2894 2915 2943 2970 2989 3003 3008 3015 3003 2998 2993 2989 2989 2985 2980 2976 2970 2964 2950 2940 2937 2934 2937 2939 2943 2950 2955 2959 2968 2976 2983 2987 2986 3000 2996 2999 3002 3000 3019 3033 3015 2996 2976 2956 2936 2919 2911 2904 2901 2901 2903 2908 2913 2918 2924 2931 2936 2942 2947 2953 2958 2963 2968 2974 2980 2981 2975 2958 2941 2939 2939 2941 2941 2943 2943 2933 2916
2836 2838 2848 2858 2870 2882 2892 2920 2957 2996 3002 3007 3002 2997 2988 2980 2977 2974 2972 2968 2965 2964 2960 2957 2949 2940 2931 2924 2919 2922 2926 2930 2934 2937 2941 2944 2946 2953 2956 2958 2962 2965 2968 2972 2976 2987 2998 3012 2996 2981 2967 2952 2938 2931 2920 2918 2918 2918 2920 2927 2938 2947 2958 2969 2977 2986 2988 2985 2986 2988 2987 2989 2997 2990 2966 2947 2926 2918 2918 2918 2921 2922 2920 2906
2844 2854 2863 2873 2882 2893 2908 2937 2972 2999 2997 2989 2980 2972 2963 2959 2957 2954 2951 2948 2945 2942 2940 2934 2926 2919 2914 2908 2904 2908 2910 2912 2915 2917 2919 2922 2926 2931 2934 2937 2942 2944 2949 2954 2958 2965 2979 2992 2997 2988 2980 2972 2965 2958 2953 2949 2942 2941 2949 2956 2965 2973 2981 2992 2999 3007 3017 3013 3009 3002 2999 2999 2999 2992 2966 2946 2927 2907 2898 2898 2902 2899 2897 2896
2859 2867 2877 2886 2894 2908 2928 2953 2977 2992 2979 2970 2960 2955 2950 2945 2940 2937 2934 2930 2929 2929 2920 2913 2908 2900 2897 2894 2891 2894 2897 2900 2900 2901 2905 2909 2910 2913 2918 2918 2916 2919 2925 2932 2940 2947 2966 2985 3003 3016 3005 2996 2990 2984 2978 2974 2969 2968 2973 2973 2970 2966 2966 2971 2976 2984 2987 2990 2993 2995 2997 2999 3000 2982 2958 2935 2912 2892 2880 2878 2878 2880 2876 2869
2871 2882 2893 2902 2915 2930 2944 2976 2985 2974 2964 2956 2949 2940 2937 2934 2931 2927 2924 2922 2915 2907 2905 2899 2890 2880 2880 2880 2879 2882 2887 2887 2886 2890 2893 2895 2896 2897 2899 2902 2900 2904 2908 2914 2919 2927 2951 2976 3000 3008 3004 3000 2996 2986 2979 2970 2960 2953 2947 2945 2941 2934 2930 2936 2940 2944 2953 2961 2969 2977 2993 3000 2991 2966 2936 2909 2893 2878 2866 2859 2854 2858 2852 2846
2888 2902 2916 2930 2942 2955 2969 2981 2975 2968 2961 2954 2946 2939 2933 2927 2920 2918 2915 2910 2906 2900 2896 2890 2885 2880 2877 2875 2875 2877 2879 2879 2877 2875 2875 2881 2883 2883 2884 2887 2889 2890 2893 2896 2899 2906 2917 2936 2958 2980 2981 2983 2980 2969 2958 2950 2939 2927 2922 2920 2920 2921 2914 2910 2906 2906 2915 2923 2935 2943 2951 2960 2956 2924 2898 2888 2880 2866 2851 2840 2836 2832 2829 2825
2902 2922 2938 2954 2963 2969 2976 2978 2973 2967 2962 2954 2946 2937 2929 2921 2916 2913 2908 2903 2898 2891 2884 2881 2880 2878 2875 2871 2870 2872 2873 2872 2868 2862 2861 2866 2868 2867 2866 2875 2874 2879 2881 2883 2884 2888 2894 2903 2913 2922 2934 2944 2954 2954 2938 2923 2913 2905 2899 2893 2893 2900 2884 2880 2879 2882 2887 2892 2899 2904 2912 2922 2922 2898 2886 2876 2865 2853 2839 2825 2819 2814 2810 2806
2913 2935 2947 2957 2964 2970 2977 2978 2973 2969 2964 2959 2945 2930 2919 2915 2910 2905 2900 2895 2888 2882 2879 2875 2871 2867 2866 2866 2865 2866 2867 2865 2860 2856 2852 2852 2852 2852 2850 2852 2857 2862 2869 2873 2874 2877 2878 2882 2891 2900 2910 2920 2928 2935 2921 2906 2895 2886 2878 2876 2872 2868 2866 2864 2860 2858 2858 2857 2862 2870 2876 2883 2892 2883 2875 2866 2854 2839 2828 2819 2810 2802 2796 2792
2921 2940 2948 2956 2962 2968 2974 2978 2972 2966 2959 2947 2934 2921 2904 2898 2895 2892 2888 2884 2880 2873 2872 2866 2860 2858 2860 2860 2863 2865 2860 2857 2852 2847 2843 2841 2840 2839 2838 2837 2843 2851 2859 2865 2868 2866 2864 2863 2872 2880 2895 2907 2911 2909 2903 2886 2876 2867 2860 2854 2847 2842 2844 2843 2840 2842 2840 2838 2839 2844 2852 2858 2862 2866 2860 2851 2840 2832 2823 2814 2804 2797 2792 2786
2931 2944 2953 2960 2965 2969 2974 2978 2972 2964 2950 2934 2919 2906 2895 2887 2880 2876 2871 2868 2866 2865 2865 2859 2854 2850 2848 2855 2861 2864 2857 2851 2846 2840 2836 2833 2829 2825 2820 2820 2827 2835 2840 2855 2858 2850 2844 2845 2850 2856 2860 2870 2878 2875 2870 2864 2861 2854 2846 2839 2834 2829 2829 2826 2823 2823 2823 2821 2824 2829 2834 2839 2845 2845 2840 2834 2828 2822 2811 2800 2797 2790 2783 2776
2941 2950 2960 2963 2967 2971 2975 2967 2958 2951 2940 2928 2911 2896 2885 2877 2864 2858 2854 2851 2855 2857 2853 2849 2846 2841 2835 2842 2850 2858 2853 2847 2843 2835 2825 2819 2814 2808 2807 2809 2813 2821 2823 2820 2820 2820 2823 2827 2833 2836 2840 2850 2852 2849 2848 2843 2841 2837 2831 2825 2820 2818 2816 2813 2811 2811 2810 2809 2813 2818 2822 2825 2828 2823 2817 2812 2805 2798 2792 2786 2780 2775 2766 2760
2952 2961 2965 2969 2968 2964 2963 2956 2947 2938 2930 2920 2908 2895 2884 2868 2856 2849 2843 2841 2845 2846 2844 2841 2835 2827 2820 2828 2836 2845 2843 2838 2823 2823 2819 2810 2804 2803 2803 2805 2809 2811 2812 2809 2806 2803 2807 2810 2814 2818 2823 2830 2829 2826 2826 2824 2822 2822 2821 2819 2817 2812 2807 2804 2801 2800 2799 2797 2803 2812 2819 2814 2809 2805 2801 2792 2785 2778 2773 2768 2762 2756 2750 2743
2962 2962 2961 2960 2961 2959 2954 2949 2942 2934 2926 2918 2910 2901 2888 2873 2856 2842 2840 2839 2837 2833 2828 2823 2816 2815 2814 2816 2821 2835 2841 2826 2810 2809 2807 2804 2803 2803 2803 2803 2804 2805 2806 2803 2801 2790 2792 2792 2795 2800 2807 2811 2814 2817 2821 2819 2814 2809 2805 2806 2807 2806 2800 2796 2795 2793 2792 2790 2800 2803 2805 2803 2799 2793 2787 2781 2775 2768 2760 2754 2747 2740 2734 2726
2953 2949 2947 2945 2946 2947 2945 2943 2940 2932 2925 2917 2906 2896 2885 2865 2847 2838 2834 2829 2826 2820 2814 2808 2801 2804 2807 2809 2814 2822 2820 2811 2805 2807 2809 2810 2810 2810 2810 2810 2810 2806 2801 2791 2782 2780 2779 2780 2781 2790 2798 2802 2806 2810 2810 2804 2800 2797 2794 2796 2800 2801 2796 2791 2789 2787 2784 2782 2788 2793 2795 2790 2784 2777 2773 2767 2759 2750 2742 2736 2732 2725 2715 2705
2933 2929 2928 2928 2929 2931 2929 2927 2926 2924 2921 2915 2906 2894 2877 2860 2848 2838 2832 2825 2818 2811 2801 2800 2800 2799 2799 2800 2800 2803 2805 2803 2800 2805 2810 2810 2810 2810 2810 2810 2810 2810 2803 2794 2782 2777 2777 2777 2779 2784 2795 2800 2801 2800 2800 2797 2792 2788 2784 2784 2790 2792 2789 2785 2780 2778 2778 2778 2782 2786 2786 2783 2779 2773 2767 2761 2753 2745 2737 2729 2720 2711 2703 2694
2917 2914 2913 2914 2913 2913 2911 2909 2907 2904 2902 2898 2891 2885 2876 2860 2846 2836 2828 2820 2814 2808 2803 2800 2797 2795 2794 2794 2793 2792 2791 2795 2798 2800 2802 2803 2805 2807 2809 2810 2810 2808 2804 2796 2787 2780 2777 2778 2779 2781 2784 2787 2789 2791 2789 2782 2776 2770 2769 2773 2780 2782 2782 2780 2776 2772 2771 2772 2774 2777 2774 2770 2766 2761 2757 2750 2743 2734 2727 2718 2708 2698 2689 2679
2904 2900 2899 2897 2895 2894 2892 2890 2893 2890 2885 2882 2875 2865 2856 2847 2839 2832 2826 2819 2814 2810 2805 2801 2796 2791 2790 2787 2788 2789 2789 2789 2792 2795 2798 2803 2807 2810 2810 2809 2804 2798 2793 2787 2782 2780 2780 2780 2780 2781 2781 2781 2779 2781 2782 2775 2766 2760 2760 2760 2760 2765 2772 2770 2767 2764 2765 2766 2768 2770 2767 2764 2761 2756 2746 2738 2730 2723 2712 2703 2694 2682 2671 2660
2901 2897 2892 2888 2884 2883 2883 2883 2883 2882 2878 2871 2864 2856 2847 2840 2834 2830 2826 2821 2820 2815 2811 2806 2802 2797 2791 2787 2785 2787 2789 2790 2790 2791 2792 2798 2802 2807 2806 2804 2802 2797 2792 2786 2781 2776 2771 2771 2777 2778 2771 2766 2761 2761 2766 2764 2761 2758 2755 2753 2750 2756 2760 2759 2757 2756 2757 2760 2761 2762 2761 2756 2752 2745 2738 2729 2720 2709 2699 2686 2674 2663 2651 2639
2911 2903 2897 2892 2888 2883 2883 2883 2882 2882 2874 2865 2858 2851 2844 2839 2836 2833 2829 2826 2823 2819 2815 2810 2806 2802 2797 2791 2785 2782 2783 2787 2787 2788 2788 2791 2800 2800 2801 2801 2799 2792 2786 2781 2770 2760 2758 2759 2754 2751 2746 2740 2740 2742 2747 2751 2754 2751 2747 2743 2739 2745 2750 2749 2746 2744 2742 2740 2746 2751 2749 2745 2740 2737 2732 2723 2713 2703 2689 2676 2664 2651 2638 2626
2923 2913 2904 2899 2895 2892 2889 2885 2882 2880 2869 2860 2854 2848 2842 2838 2834 2831 2827 2823 2820 2815 2812 2808 2804 2799 2792 2783 2780 2780 2778 2779 2780 2780 2782 2787 2791 2795 2800 2801 2794 2787 2782 2763 2755 2747 2740 2736 2731 2729 2726 2723 2723 2728 2732 2738 2741 2742 2739 2736 2731 2738 2742 2740 2740 2742 2741 2740 2741 2740 2738 2735 2732 2730 2725 2716 2702 2694 2681 2669 2656 2643 2631 2618
2937 2926 2916 2909 2905 2902 2898 2891 2884 2877 2867 2857 2850 2842 2839 2837 2834 2833 2830 2828 2826 2823 2821 2814 2807 2800 2793 2785 2780 2779 2777 2776 2776 2778 2781 2788 2791 2792 2794 2796 2790 2784 2770 2753 2739 2732 2725 2720 2715 2710 2708 2708 2704 2707 2713 2719 2724 2727 2720 2716 2719 2722 2726 2730 2733 2735 2740 2738 2735 2732 2729 2726 2723 2721 2721 2703 2692 2683 2672 2659 2648 2638 2625 2613
