sample/alps_tiny.asc
ncols        68
nrows        39
xllcorner    9.331250000093
yllcorner    46.807083333339
cellsize     0.000277777778
NODATA_value -9999
 863 854 843 836 831 826 821 812 803 788 773 754 739 729 732 748 768 790 811 822 827 832 837 840 842 843 845 846 848 847 847 846 845 844 844 843 842 841 840 838 837 835 833 833 834 839 839 837 835 832 828 825 820 820 816 814 810 807 803 798 788 780 775 771 764 758 750 742
 862 854 845 837 829 821 809 796 780 770 756 740 726 720 726 750 772 799 814 822 826 829 832 835 839 841 843 845 846 847 848 849 850 850 850 850 847 845 843 840 836 831 827 823 820 820 821 822 824 823 821 818 814 812 808 805 801 793 783 775 767 759 754 750 748 745 737 726
 863 854 844 838 824 808 794 777 766 754 745 731 717 717 735 755 780 802 812 818 821 825 829 832 835 839 842 843 845 847 850 850 851 852 852 853 852 851 851 845 837 829 821 817 814 810 807 804 808 811 812 808 805 801 795 780 775 768 764 759 754 750 747 743 737 725 714 704
 865 854 841 826 815 797 782 764 748 739 729 719 711 719 741 765 779 792 803 808 814 818 824 829 831 836 842 841 846 850 851 852 853 854 855 854 850 848 846 843 841 828 818 811 805 799 796 793 798 802 803 797 789 778 770 763 757 753 750 747 744 741 733 720 713 705 696 686
 864 849 832 817 798 780 763 748 730 720 713 708 715 730 728 741 753 765 778 793 804 812 819 824 828 832 835 840 841 839 839 846 850 850 850 848 845 843 840 835 829 824 817 809 800 795 789 784 784 786 780 772 767 760 758 756 753 750 748 745 742 729 715 704 696 687 677 669
 861 848 834 818 804 789 775 761 738 700 700 702 702 702 697 704 722 740 757 775 792 802 809 815 821 825 827 827 821 816 818 826 834 831 833 834 836 836 831 826 820 813 809 804 795 788 780 775 772 767 760 759 759 757 755 754 752 749 745 738 727 717 702 690 677 670 662 651
 858 850 843 830 817 802 784 767 750 719 698 693 690 687 682 681 692 709 732 755 772 770 773 786 800 818 815 811 805 799 795 799 802 806 811 813 815 818 816 811 807 800 795 789 784 779 773 767 762 760 758 756 755 754 752 751 744 737 730 724 714 699 688 674 660 651 640 631
 850 845 839 830 820 802 786 770 755 745 734 723 710 700 691 680 677 691 714 740 737 733 737 754 769 783 795 795 790 786 784 774 780 785 793 793 788 790 795 788 780 777 774 771 768 766 765 760 757 756 755 754 753 752 751 737 725 716 707 701 691 680 669 658 647 636 625 618
 845 839 833 826 817 807 796 784 776 770 763 755 746 733 706 682 677 682 702 707 704 699 698 712 735 756 769 774 782 780 760 745 745 753 761 763 758 754 755 759 746 743 743 740 740 745 750 752 752 751 751 752 751 746 736 722 710 698 689 680 670 662 652 640 630 620 615 610
 838 830 823 817 810 801 789 780 777 775 771 763 755 747 734 702 681 676 684 687 681 673 668 688 708 730 741 748 756 745 730 716 703 709 721 721 718 714 716 711 709 721 725 723 719 716 720 726 731 737 744 743 737 730 724 713 699 683 673 663 654 644 634 624 619 614 610 605
 831 820 815 809 803 794 784 779 777 775 773 771 766 757 746 728 704 669 673 675 665 672 671 659 677 705 711 712 708 703 696 688 680 681 680 672 665 666 670 680 689 703 702 699 696 693 693 698 708 719 730 729 726 723 716 700 687 673 660 649 638 629 621 617 613 610 606 606
 825 815 804 797 791 785 780 778 777 775 774 772 771 766 754 744 740 713 687 682 692 701 700 677 659 671 679 678 674 669 665 663 659 654 646 640 643 639 645 663 677 685 684 680 675 669 672 678 687 695 699 714 722 720 703 688 675 662 649 637 629 620 617 613 609 606 606 606
 821 810 799 794 786 780 779 778 777 776 775 774 773 772 769 761 749 737 727 728 740 735 726 712 685 659 653 655 650 648 648 651 653 652 657 660 657 647 637 646 659 660 660 656 651 645 645 655 666 678 691 705 721 712 695 679 665 651 639 630 620 616 613 609 606 606 607 623
 818 808 798 790 780 780 779 778 778 777 776 775 774 773 771 769 760 755 750 747 753 756 745 733 721 695 678 686 694 701 707 708 700 696 694 690 682 667 645 638 649 647 642 637 633 628 623 630 644 661 678 695 708 703 686 673 660 643 632 622 617 613 609 606 606 607 630 648
 811 804 796 786 780 780 779 779 779 778 778 777 776 774 773 771 768 767 766 764 765 765 759 747 738 730 722 727 727 728 740 744 744 736 721 706 687 668 637 638 640 637 633 628 624 623 622 620 633 664 691 700 702 692 677 663 647 633 620 617 612 608 606 606 612 644 668 688
 804 796 789 780 780 780 780 779 779 779 779 778 777 775 774 773 771 771 771 771 771 771 770 763 756 748 746 748 748 747 752 757 760 749 740 735 693 670 647 632 634 631 633 637 630 623 620 620 631 656 683 700 697 679 664 648 633 620 616 612 607 606 606 611 671 707 720 720
 794 787 781 780 780 780 780 780 780 780 780 779 778 776 775 774 772 772 772 772 771 771 771 771 770 766 763 762 761 760 761 761 762 761 751 733 699 680 657 638 632 651 666 665 649 624 618 619 637 656 676 690 677 663 648 633 620 615 611 607 607 607 607 646 710 720 722 723
 786 780 780 780 780 780 780 780 780 780 780 780 779 777 776 775 774 774 774 773 773 772 772 772 771 771 770 768 766 765 765 765 763 761 747 730 710 693 679 668 680 681 680 673 654 627 616 618 625 646 663 673 659 646 633 619 615 609 607 607 607 613 638 690 720 722 723 725
 783 780 780 780 780 780 780 780 780 780 780 780 780 779 777 776 775 775 774 774 774 773 773 772 772 772 771 770 770 770 770 768 764 761 754 739 726 715 704 700 712 709 697 680 667 652 627 615 615 615 628 657 644 630 618 612 607 607 607 611 620 634 674 716 721 723 725 727
 786 784 783 782 781 780 780 780 780 780 780 780 779 778 778 777 775 775 774 774 774 774 773 772 772 772 771 770 770 770 770 770 765 761 760 754 747 740 733 731 735 727 716 698 679 671 654 628 618 615 611 614 620 617 609 607 607 607 616 628 642 651 700 720 725 727 729 732
 786 785 784 783 782 781 781 781 781 781 780 780 780 779 779 779 775 775 774 774 774 774 773 772 772 772 771 770 770 770 770 770 766 761 760 760 760 740 740 740 740 720 720 711 700 685 674 656 620 620 610 610 611 608 607 607 607 621 640 656 661 669 700 720 729 731 734 737
 786 785 784 784 783 782 782 781 781 781 780 780 780 780 780 779 778 775 775 774 774 775 775 772 772 772 770 770 770 770 770 770 767 761 760 760 759 740 740 740 737 720 720 720 700 700 680 660 620 620 609 608 607 607 607 613 635 652 669 683 683 688 700 720 734 735 739 741
 786 785 784 784 783 782 782 781 781 781 780 780 780 780 780 779 779 775 777 777 774 775 775 772 773 773 770 770 770 770 770 770 768 760 760 758 756 740 740 740 730 720 718 703 695 682 674 660 620 618 608 608 607 617 624 638 664 675 689 700 710 710 712 728 739 740 744 745
 786 786 785 783 784 783 783 782 782 782 781 780 780 780 780 780 780 775 777 777 774 776 775 772 773 773 770 770 770 770 770 770 769 760 760 754 752 740 740 733 723 713 700 691 677 664 651 630 611 608 608 617 637 652 658 675 688 700 714 723 731 740 741 742 744 746 748 748
 786 787 786 784 785 784 783 783 783 781 782 782 780 781 780 780 780 779 778 778 778 778 776 772 773 774 770 770 770 770 770 770 770 760 759 750 749 740 734 719 708 697 687 676 652 635 617 608 608 608 623 652 677 684 689 700 713 726 734 741 743 746 747 745 749 750 750 754
 789 788 787 787 786 786 785 784 784 784 783 783 782 782 782 781 781 779 776 779 778 778 778 776 775 774 770 770 770 770 770 770 770 760 754 746 746 740 728 710 699 679 668 649 628 610 608 608 609 628 646 681 696 706 711 717 735 744 748 750 750 752 753 752 754 755 754 758
 789 788 788 787 787 786 786 785 785 785 784 784 783 783 783 782 782 782 781 781 779 779 778 776 775 774 770 770 770 770 770 770 768 758 746 743 743 740 721 699 679 662 646 624 608 608 608 608 626 656 672 696 712 728 735 746 755 759 759 759 759 759 759 760 761 761 761 762
 789 788 788 788 788 787 787 786 786 785 785 785 784 784 783 783 782 782 782 781 781 780 779 777 776 775 770 770 770 760 754 750 744 740 731 722 727 720 700 678 659 642 622 609 608 608 609 624 640 664 682 703 722 740 751 761 765 767 766 768 767 766 768 768 767 768 769 768
 790 790 789 789 788 788 787 787 786 786 785 785 784 784 783 783 782 782 781 781 780 779 778 776 775 774 770 770 767 748 736 725 718 716 715 706 699 687 677 658 636 619 609 609 608 614 626 635 650 671 686 707 727 760 765 772 774 775 774 776 776 774 776 776 774 776 776 775
 790 790 790 790 789 788 788 788 787 787 785 786 785 784 784 784 782 783 782 781 780 779 778 776 775 774 770 770 760 740 723 711 700 698 698 687 679 665 654 635 618 609 609 609 614 630 640 649 662 680 691 711 733 768 782 789 792 790 792 791 792 789 789 790 791 790 790 789
 793 793 793 792 791 791 790 790 789 788 788 787 787 786 785 785 784 783 783 782 782 781 780 778 775 773 770 766 753 733 716 700 692 684 679 667 654 641 633 618 609 609 609 618 638 648 658 672 681 692 698 715 738 768 790 805 810 810 811 809 810 811 810 810 812 816 814 801
 782 780 771 775 780 781 779 780 782 781 781 781 782 782 782 782 782 781 781 781 781 781 778 774 771 766 756 744 734 716 697 687 677 667 657 638 620 621 618 611 609 609 620 634 654 680 694 705 714 720 733 747 762 776 793 820 832 832 832 832 831 830 829 830 831 832 827 822
 754 750 747 747 749 750 754 756 757 756 759 762 770 781 781 781 782 781 781 781 780 777 775 772 762 746 733 720 709 696 684 672 660 648 636 622 620 618 613 609 609 611 631 648 669 691 710 737 749 759 767 775 784 794 810 841 851 858 858 857 857 854 854 852 850 849 845 840
 726 723 720 720 723 726 730 733 735 733 733 736 744 754 766 769 767 766 763 761 759 757 756 749 749 736 718 703 691 681 669 656 644 631 620 620 619 616 612 610 610 624 641 660 677 689 706 730 763 791 800 815 829 842 848 856 871 885 890 893 900 895 884 878 873 868 861 855
 699 699 699 697 697 704 708 711 711 711 710 714 714 713 715 720 727 724 712 714 728 722 722 720 726 716 707 696 683 671 659 646 634 622 620 619 617 614 611 610 610 630 647 665 681 700 715 741 780 813 841 846 852 861 871 880 882 884 887 889 891 893 896 898 897 888 879 874
 676 678 675 676 678 681 684 688 690 690 689 691 691 691 690 693 691 689 687 690 694 697 693 695 696 693 685 674 663 653 642 631 620 619 618 617 615 613 611 610 612 628 644 663 680 698 730 757 785 816 834 839 847 856 865 873 880 882 884 886 888 890 892 894 896 898 900 900
 655 652 654 657 658 661 663 666 666 667 667 670 668 666 664 663 660 660 660 667 671 672 670 672 676 671 662 652 643 634 623 620 619 618 616 615 613 612 610 610 620 638 651 666 681 695 712 732 755 777 800 818 832 846 865 887 900 900 898 898 898 898 899 899 899 899 899 900
 635 634 633 635 637 641 641 642 644 647 645 646 644 642 642 639 637 635 639 639 640 643 645 646 644 643 638 629 620 620 620 619 617 616 614 612 610 610 610 616 634 652 669 682 693 709 729 745 761 777 791 812 838 853 868 880 900 906 911 905 900 899 899 899 899 899 899 904
 629 629 628 627 627 626 623 620 623 622 622 622 622 620 619 619 619 618 618 618 618 618 617 617 618 617 617 616 615 614 613 612 611 611 610 611 611 611 617 636 658 664 677 698 714 729 744 758 773 786 803 824 845 865 878 891 905 920 926 919 916 913 909 907 906 903 904 914
