sample/alps_02.asc
ncols        254
nrows        122
xllcorner    9.733472222223
yllcorner    46.527083333334
cellsize     0.000277777778
NODATA_value -9999
[rows 38 to 75 of 122, columns 84 to 167 of 254]
2602 2589 2576 2564 2551 2538 2525 2515 2505 2499 2492 2485 2486 2488 2490 2490 2488 2486 2484 2482 2479 2476 2475 2472 2470 2468 2465 2463 2461 2458 2454 2450 2445 2440 2435 2430 2427 2422 2417 2413 2408 2403 2397 2392 2386 2379 2368 2359 2351 2341 2332 2323 2316 2306 2297 2288 2277 2266 2256 2244 2232 2221 2210 2200 2194 2188 2181 2174 2168 2162 2155 2149 2143 2137 2130 2120 2115 2123 2123 2123 2123 2123 2123 2123
2589 2579 2565 2553 2542 2530 2517 2505 2495 2486 2479 2470 2467 2469 2473 2472 2471 2471 2468 2466 2464 2461 2458 2457 2454 2451 2448 2446 2444 2441 2438 2435 2430 2426 2422 2418 2414 2410 2406 2400 2395 2390 2384 2378 2373 2365 2355 2347 2337 2327 2318 2308 2299 2290 2280 2271 2261 2250 2239 2227 2216 2206 2198 2191 2185 2177 2168 2162 2154 2147 2139 2132 2125 2118 2114 2113 2112 2124 2124 2123 2122 2121 2120 2118
2573 2560 2549 2536 2523 2512 2500 2491 2482 2475 2466 2457 2449 2451 2454 2456 2456 2456 2453 2450 2448 2446 2443 2441 2438 2435 2433 2431 2428 2426 2423 2419 2417 2413 2410 2406 2404 2400 2394 2389 2383 2377 2372 2366 2360 2351 2340 2332 2322 2312 2302 2293 2283 2274 2264 2254 2244 2231 2219 2207 2199 2193 2188 2182 2174 2164 2155 2145 2132 2120 2114 2111 2117 2124 2125 2122 2125 2125 2123 2120 2119 2116 2114 2111
2560 2548 2536 2523 2511 2500 2491 2483 2474 2466 2457 2447 2437 2432 2431 2430 2428 2427 2426 2424 2423 2422 2420 2418 2416 2415 2413 2412 2410 2408 2406 2404 2403 2400 2396 2391 2386 2380 2375 2370 2365 2358 2356 2351 2346 2338 2329 2320 2310 2300 2289 2278 2267 2257 2248 2238 2228 2218 2207 2198 2191 2184 2179 2173 2166 2156 2146 2136 2128 2128 2125 2122 2117 2114 2110 2110 2110 2110 2110 2111 2112 2115 2121 2126
2541 2529 2516 2505 2495 2486 2478 2470 2461 2453 2444 2435 2427 2419 2416 2414 2414 2413 2411 2411 2410 2408 2407 2405 2404 2402 2402 2400 2398 2397 2397 2395 2389 2384 2379 2374 2369 2365 2360 2355 2351 2346 2339 2334 2327 2321 2315 2308 2302 2292 2279 2268 2255 2244 2233 2224 2216 2206 2198 2190 2183 2175 2167 2159 2151 2143 2134 2138 2139 2138 2138 2138 2138 2139 2139 2141 2140 2138 2137 2135 2134 2136 2137 2138
2522 2508 2497 2488 2481 2473 2464 2456 2449 2441 2432 2425 2417 2409 2401 2398 2402 2403 2402 2402 2401 2401 2399 2395 2392 2390 2387 2383 2381 2381 2381 2377 2372 2367 2361 2358 2354 2349 2346 2341 2337 2332 2327 2321 2314 2308 2302 2292 2283 2274 2263 2250 2239 2231 2222 2215 2207 2199 2192 2184 2178 2172 2167 2160 2148 2138 2140 2140 2141 2142 2143 2144 2144 2143 2142 2144 2142 2140 2139 2139 2138 2139 2141 2145
2500 2493 2484 2477 2468 2460 2452 2444 2435 2428 2421 2415 2410 2404 2395 2384 2388 2393 2392 2389 2387 2384 2381 2378 2375 2372 2369 2366 2364 2364 2365 2360 2355 2351 2346 2341 2338 2334 2330 2327 2323 2319 2315 2311 2307 2303 2294 2277 2267 2258 2245 2237 2231 2224 2216 2208 2200 2193 2185 2180 2175 2170 2166 2161 2151 2140 2138 2141 2145 2148 2149 2150 2149 2148 2147 2147 2144 2140 2140 2141 2143 2146 2149 2152
2487 2479 2471 2463 2455 2447 2439 2430 2423 2416 2409 2403 2400 2392 2382 2374 2371 2372 2369 2368 2366 2363 2361 2359 2356 2355 2352 2349 2348 2347 2347 2343 2338 2333 2328 2324 2321 2317 2314 2311 2308 2302 2298 2292 2284 2278 2274 2269 2263 2250 2239 2233 2227 2220 2211 2201 2194 2188 2182 2177 2173 2169 2164 2160 2153 2145 2140 2142 2148 2153 2154 2154 2153 2152 2152 2152 2150 2149 2149 2150 2152 2154 2155 2157
2472 2462 2452 2443 2436 2427 2417 2412 2406 2399 2393 2388 2381 2374 2368 2361 2354 2352 2350 2347 2346 2343 2340 2339 2336 2334 2332 2330 2330 2329 2329 2325 2318 2313 2309 2309 2306 2304 2300 2296 2292 2288 2283 2279 2274 2268 2263 2254 2244 2237 2232 2226 2220 2212 2203 2197 2191 2185 2180 2176 2172 2168 2163 2159 2150 2147 2144 2145 2153 2160 2160 2159 2158 2157 2156 2155 2156 2156 2158 2159 2160 2163 2167 2173
2450 2440 2433 2423 2414 2404 2398 2392 2386 2381 2375 2369 2365 2359 2353 2348 2343 2338 2335 2332 2329 2325 2322 2320 2317 2313 2311 2310 2312 2313 2313 2303 2298 2295 2292 2290 2287 2284 2282 2280 2277 2274 2273 2270 2267 2263 2259 2240 2234 2229 2224 2218 2210 2205 2200 2194 2190 2185 2180 2176 2171 2167 2163 2159 2156 2155 2150 2147 2160 2160 2160 2160 2160 2161 2160 2160 2163 2167 2170 2174 2177 2181 2186 2189
2432 2423 2413 2405 2398 2392 2385 2381 2374 2368 2362 2356 2350 2344 2338 2334 2328 2324 2321 2317 2312 2309 2304 2300 2300 2299 2298 2297 2299 2298 2297 2293 2284 2280 2279 2281 2281 2280 2280 2277 2274 2272 2269 2267 2264 2262 2254 2240 2235 2230 2226 2220 2212 2203 2197 2193 2188 2184 2178 2171 2165 2164 2161 2161 2161 2162 2160 2153 2158 2160 2161 2161 2165 2170 2172 2175 2180 2184 2187 2191 2195 2198 2209 2215
2408 2398 2395 2388 2382 2376 2369 2365 2359 2352 2347 2340 2334 2328 2322 2316 2310 2309 2308 2303 2299 2296 2294 2293 2293 2292 2293 2292 2291 2290 2290 2286 2280 2276 2273 2275 2277 2280 2280 2280 2280 2279 2275 2268 2263 2258 2254 2250 2246 2242 2234 2225 2214 2204 2198 2194 2189 2185 2182 2172 2169 2167 2167 2168 2168 2166 2162 2157 2158 2162 2166 2169 2174 2178 2182 2186 2190 2194 2198 2202 2210 2219 2227 2232
2392 2384 2377 2370 2362 2355 2348 2341 2334 2325 2318 2313 2304 2300 2298 2297 2298 2299 2299 2295 2291 2288 2286 2287 2287 2286 2286 2285 2283 2282 2283 2280 2276 2272 2268 2270 2272 2274 2275 2277 2279 2280 2281 2280 2274 2268 2261 2255 2249 2244 2235 2225 2215 2207 2199 2194 2189 2184 2176 2173 2177 2178 2176 2176 2176 2171 2167 2162 2160 2167 2173 2179 2184 2190 2194 2198 2203 2209 2213 2218 2227 2238 2246 2254
2377 2369 2361 2354 2346 2338 2330 2322 2314 2308 2300 2297 2294 2291 2288 2288 2289 2289 2289 2285 2281 2279 2280 2280 2279 2276 2272 2269 2264 2268 2269 2266 2265 2264 2263 2267 2270 2273 2276 2280 2281 2283 2285 2284 2281 2274 2265 2257 2248 2238 2228 2220 2208 2196 2184 2178 2178 2182 2185 2186 2186 2187 2185 2184 2183 2182 2177 2176 2176 2181 2187 2194 2200 2204 2209 2214 2220 2225 2232 2240 2256 2267 2273 2272
2362 2356 2347 2339 2332 2324 2315 2307 2300 2296 2292 2288 2284 2280 2280 2279 2280 2280 2279 2277 2274 2270 2268 2266 2260 2258 2256 2253 2251 2249 2248 2249 2248 2247 2249 2254 2258 2265 2274 2281 2283 2284 2286 2284 2280 2271 2261 2249 2235 2223 2212 2203 2194 2181 2188 2200 2209 2211 2207 2202 2199 2195 2194 2193 2191 2190 2192 2194 2193 2193 2200 2207 2215 2223 2229 2236 2240 2257 2266 2271 2279 2289 2292 2292
2341 2332 2325 2315 2308 2300 2297 2293 2290 2286 2283 2280 2278 2276 2275 2274 2274 2274 2271 2269 2266 2264 2261 2259 2256 2253 2249 2247 2243 2240 2240 2240 2240 2240 2239 2238 2240 2244 2255 2262 2269 2277 2281 2273 2266 2256 2244 2233 2223 2211 2196 2188 2193 2208 2220 2220 2220 2220 2217 2214 2210 2206 2204 2201 2199 2199 2202 2206 2204 2208 2218 2225 2232 2241 2252 2262 2267 2273 2280 2289 2297 2302 2307 2307
2326 2318 2311 2303 2299 2296 2293 2290 2287 2284 2281 2276 2273 2270 2269 2269 2269 2267 2265 2263 2261 2259 2256 2254 2251 2249 2247 2245 2241 2239 2239 2239 2237 2236 2233 2233 2235 2237 2239 2243 2250 2257 2263 2255 2248 2242 2230 2217 2206 2196 2194 2215 2223 2224 2222 2221 2220 2220 2220 2220 2220 2220 2218 2214 2211 2208 2211 2214 2217 2222 2230 2237 2246 2258 2266 2273 2281 2288 2294 2300 2306 2313 2318 2319
2311 2305 2299 2293 2290 2285 2280 2280 2279 2277 2274 2270 2267 2266 2263 2263 2262 2260 2261 2259 2257 2256 2253 2251 2250 2250 2250 2248 2242 2240 2238 2237 2237 2237 2236 2234 2231 2228 2225 2229 2234 2239 2246 2239 2228 2220 2212 2205 2193 2203 2211 2220 2227 2231 2228 2226 2223 2227 2231 2236 2241 2237 2232 2228 2222 2218 2221 2227 2233 2238 2243 2252 2259 2274 2283 2288 2294 2299 2304 2309 2315 2322 2329 2336
2303 2296 2290 2283 2280 2278 2274 2271 2268 2267 2265 2264 2262 2260 2260 2258 2258 2257 2256 2254 2252 2250 2250 2250 2250 2250 2250 2250 2247 2245 2243 2243 2242 2242 2241 2241 2239 2234 2230 2226 2222 2224 2228 2229 2223 2204 2199 2197 2204 2212 2220 2231 2240 2240 2238 2235 2238 2249 2260 2262 2256 2253 2248 2244 2241 2236 2237 2241 2247 2253 2258 2266 2276 2283 2291 2299 2304 2309 2315 2321 2329 2337 2343 2350
2294 2288 2283 2279 2277 2275 2272 2269 2266 2264 2261 2260 2260 2260 2258 2256 2254 2254 2254 2253 2252 2250 2250 2250 2250 2250 2250 2250 2250 2248 2247 2246 2245 2244 2244 2242 2241 2241 2235 2230 2222 2212 2205 2207 2202 2214 2220 2220 2222 2230 2233 2241 2247 2250 2249 2253 2261 2266 2271 2276 2274 2267 2259 2253 2247 2245 2244 2249 2254 2260 2268 2278 2286 2294 2302 2308 2315 2322 2328 2335 2343 2350 2357 2364
2290 2285 2282 2281 2281 2281 2278 2272 2266 2262 2259 2256 2255 2254 2253 2251 2250 2251 2252 2250 2248 2248 2247 2246 2247 2247 2248 2249 2249 2250 2250 2249 2248 2246 2245 2243 2242 2235 2220 2214 2210 2216 2220 2221 2222 2226 2230 2234 2238 2241 2245 2251 2258 2267 2273 2276 2282 2282 2280 2278 2274 2267 2261 2256 2254 2257 2258 2260 2266 2272 2279 2287 2296 2303 2310 2319 2326 2334 2342 2350 2357 2365 2373 2380
2284 2282 2281 2281 2281 2280 2275 2270 2265 2260 2253 2250 2248 2247 2245 2245 2246 2246 2244 2245 2244 2243 2243 2242 2241 2244 2245 2245 2246 2247 2250 2250 2246 2243 2239 2233 2227 2221 2215 2213 2216 2221 2233 2241 2248 2257 2260 2260 2256 2254 2258 2266 2278 2285 2291 2296 2292 2287 2281 2278 2275 2272 2268 2265 2263 2266 2269 2273 2277 2283 2290 2298 2305 2309 2315 2324 2332 2340 2349 2358 2367 2375 2384 2392
2280 2279 2278 2277 2276 2271 2268 2265 2263 2258 2250 2248 2245 2243 2240 2238 2240 2239 2238 2239 2240 2240 2240 2240 2240 2241 2240 2240 2242 2243 2244 2243 2239 2232 2227 2220 2218 2217 2222 2229 2236 2239 2248 2258 2265 2272 2271 2270 2267 2269 2274 2280 2281 2290 2290 2290 2290 2289 2288 2288 2284 2282 2282 2280 2275 2278 2282 2286 2288 2293 2297 2302 2308 2314 2320 2329 2338 2347 2356 2364 2372 2381 2390 2399
2286 2282 2277 2270 2264 2262 2262 2261 2261 2258 2254 2250 2247 2244 2241 2238 2234 2234 2234 2234 2234 2233 2233 2233 2232 2233 2233 2232 2233 2233 2229 2223 2221 2222 2224 2226 2230 2234 2241 2249 2260 2258 2267 2278 2285 2290 2282 2279 2279 2284 2289 2288 2285 2287 2288 2290 2292 2294 2296 2298 2294 2291 2291 2287 2283 2286 2288 2291 2294 2296 2300 2306 2311 2316 2323 2333 2343 2352 2361 2372 2381 2390 2401 2412
2284 2282 2276 2269 2262 2258 2255 2258 2259 2254 2250 2248 2245 2242 2239 2237 2234 2232 2230 2229 2228 2228 2230 2233 2232 2229 2228 2228 2226 2226 2229 2232 2236 2240 2241 2245 2251 2256 2261 2272 2280 2287 2296 2302 2303 2303 2295 2291 2294 2298 2302 2294 2289 2290 2292 2295 2298 2300 2301 2303 2302 2300 2300 2291 2287 2290 2293 2296 2299 2303 2307 2312 2316 2322 2332 2341 2351 2360 2369 2379 2388 2398 2408 2420
2277 2275 2271 2266 2262 2254 2249 2246 2243 2239 2238 2236 2235 2233 2232 2233 2234 2235 2235 2234 2236 2238 2240 2244 2243 2240 2237 2238 2240 2242 2245 2249 2252 2256 2260 2264 2270 2276 2285 2300 2302 2305 2309 2311 2312 2311 2305 2304 2306 2308 2308 2305 2302 2302 2303 2305 2306 2307 2308 2309 2306 2303 2300 2294 2300 2302 2305 2307 2310 2313 2316 2319 2326 2335 2344 2353 2361 2370 2379 2388 2396 2406 2417 2428
2269 2269 2266 2263 2261 2250 2241 2237 2237 2238 2239 2239 2240 2242 2240 2240 2240 2242 2241 2239 2241 2246 2250 2251 2250 2249 2249 2251 2253 2256 2259 2262 2267 2274 2280 2284 2291 2298 2302 2306 2311 2316 2318 2321 2321 2319 2318 2317 2316 2316 2318 2316 2315 2315 2314 2314 2316 2315 2315 2313 2310 2306 2302 2297 2301 2304 2307 2310 2312 2315 2319 2327 2336 2347 2357 2366 2375 2385 2394 2402 2412 2420 2430 2441
2261 2262 2262 2259 2245 2239 2239 2244 2250 2257 2260 2258 2255 2251 2252 2252 2251 2252 2253 2252 2256 2259 2260 2259 2258 2260 2262 2266 2269 2273 2278 2283 2285 2291 2300 2305 2310 2315 2321 2325 2329 2332 2333 2334 2335 2335 2331 2333 2335 2338 2334 2335 2332 2330 2327 2325 2321 2320 2320 2319 2314 2311 2308 2304 2300 2303 2307 2310 2314 2318 2327 2337 2348 2357 2368 2379 2388 2398 2409 2420 2429 2438 2448 2460
2252 2251 2247 2241 2241 2251 2257 2259 2263 2268 2273 2269 2266 2262 2265 2266 2267 2266 2267 2267 2269 2271 2273 2273 2276 2280 2284 2288 2291 2295 2299 2304 2308 2315 2318 2323 2329 2335 2340 2344 2350 2346 2349 2351 2351 2353 2349 2350 2351 2352 2351 2350 2345 2342 2339 2332 2327 2324 2322 2320 2318 2316 2312 2305 2307 2307 2311 2314 2318 2325 2338 2348 2359 2369 2382 2392 2402 2412 2421 2432 2443 2454 2465 2476
2245 2249 2253 2255 2259 2260 2258 2265 2273 2280 2285 2282 2281 2283 2279 2283 2284 2280 2284 2287 2289 2291 2294 2296 2300 2303 2311 2316 2322 2329 2333 2340 2345 2342 2343 2348 2355 2362 2366 2366 2367 2366 2368 2367 2365 2369 2373 2369 2367 2366 2364 2364 2359 2352 2346 2339 2334 2327 2323 2320 2320 2320 2319 2310 2315 2316 2316 2318 2323 2335 2346 2357 2368 2379 2390 2402 2417 2428 2438 2449 2459 2469 2480 2489
2261 2263 2266 2267 2269 2271 2269 2278 2284 2290 2295 2300 2303 2305 2300 2298 2301 2298 2303 2306 2307 2307 2309 2316 2325 2333 2341 2351 2360 2365 2369 2375 2378 2372 2368 2375 2377 2382 2392 2392 2391 2388 2383 2384 2387 2387 2389 2386 2383 2378 2378 2372 2363 2355 2348 2340 2338 2335 2332 2329 2326 2323 2320 2315 2321 2323 2321 2328 2335 2345 2358 2368 2378 2388 2401 2418 2430 2441 2453 2461 2473 2485 2495 2504
2266 2269 2273 2278 2282 2286 2288 2292 2300 2305 2311 2319 2320 2325 2323 2322 2320 2317 2322 2331 2332 2327 2331 2340 2349 2358 2366 2373 2378 2387 2398 2402 2406 2407 2400 2415 2432 2439 2432 2426 2417 2410 2408 2407 2406 2405 2403 2400 2396 2391 2386 2381 2374 2367 2359 2349 2339 2335 2330 2326 2322 2319 2320 2323 2326 2328 2329 2336 2346 2358 2370 2382 2390 2398 2422 2433 2444 2455 2465 2475 2486 2497 2507 2517
2272 2275 2277 2281 2289 2296 2304 2311 2319 2325 2332 2339 2336 2340 2340 2338 2338 2333 2343 2356 2360 2352 2352 2359 2366 2373 2380 2386 2392 2400 2407 2415 2423 2429 2436 2442 2447 2452 2455 2446 2440 2437 2433 2429 2425 2421 2418 2414 2410 2407 2402 2395 2384 2373 2362 2354 2348 2341 2336 2331 2326 2324 2325 2328 2331 2334 2338 2347 2357 2368 2378 2387 2397 2413 2427 2439 2450 2460 2473 2483 2494 2506 2516 2524
2278 2280 2279 2286 2295 2307 2318 2328 2337 2343 2348 2353 2354 2357 2360 2358 2361 2354 2359 2371 2376 2375 2372 2374 2377 2381 2386 2390 2394 2400 2408 2418 2427 2438 2445 2450 2456 2461 2464 2463 2463 2462 2451 2442 2439 2434 2431 2428 2423 2421 2411 2401 2386 2372 2360 2357 2350 2342 2338 2334 2331 2328 2331 2334 2337 2341 2346 2353 2360 2372 2383 2394 2407 2420 2430 2443 2455 2467 2479 2491 2502 2512 2523 2534
2281 2285 2289 2294 2302 2315 2330 2343 2351 2360 2363 2368 2370 2370 2370 2371 2371 2371 2370 2371 2374 2377 2379 2382 2386 2391 2395 2400 2405 2410 2414 2419 2431 2442 2453 2460 2464 2467 2471 2471 2471 2473 2469 2465 2462 2457 2448 2442 2436 2426 2417 2402 2387 2377 2368 2359 2353 2349 2343 2340 2335 2332 2339 2340 2344 2348 2352 2357 2364 2375 2387 2400 2409 2420 2433 2446 2460 2474 2487 2500 2510 2519 2529 2540
2291 2295 2297 2303 2312 2325 2338 2349 2360 2370 2372 2372 2373 2373 2373 2374 2374 2374 2376 2377 2381 2387 2391 2397 2400 2401 2403 2406 2410 2414 2419 2426 2434 2444 2455 2463 2468 2473 2477 2479 2481 2484 2484 2481 2474 2466 2459 2450 2442 2431 2420 2407 2393 2380 2375 2366 2359 2355 2352 2347 2343 2339 2340 2344 2347 2351 2355 2358 2367 2378 2391 2403 2415 2427 2439 2452 2466 2479 2490 2503 2515 2526 2537 2549
2301 2307 2315 2320 2328 2336 2344 2354 2365 2373 2377 2377 2376 2376 2376 2377 2378 2379 2380 2382 2390 2397 2401 2404 2406 2409 2411 2414 2420 2425 2429 2434 2440 2450 2461 2469 2477 2482 2487 2492 2496 2499 2500 2496 2487 2479 2470 2460 2449 2437 2427 2416 2402 2394 2386 2379 2372 2365 2359 2353 2347 2343 2343 2347 2350 2353 2356 2360 2369 2379 2390 2402 2414 2426 2439 2452 2465 2479 2492 2504 2516 2527 2539 2550
2317 2323 2335 2343 2348 2354 2359 2366 2368 2373 2380 2379 2378 2379 2379 2380 2382 2383 2386 2391 2395 2400 2403 2407 2410 2414 2417 2421 2424 2431 2437 2443 2452 2460 2471 2481 2487 2494 2500 2511 2521 2526 2528 2516 2505 2495 2483 2472 2459 2446 2435 2424 2414 2403 2395 2387 2380 2372 2364 2358 2353 2349 2344 2347 2351 2354 2357 2361 2369 2377 2388 2401 2414 2427 2440 2453 2466 2479 2491 2505 2515 2526 2536 2547
