sample/alps_07.asc
ncols        173
nrows        158
xllcorner    9.301527777778
yllcorner    46.439305555556
cellsize     0.000277777778
NODATA_value -9999
[rows 38 to 75 of 158, columns 0 to 83 of 173]
2395 2389 2385 2380 2375 2369 2365 2360 2355 2349 2344 2338 2333 2328 2323 2317 2313 2308 2302 2297 2294 2289 2285 2281 2277 2272 2267 2264 2259 2252 2245 2240 2236 2233 2230 2229 2225 2223 2221 2221 2218 2215 2212 2211 2208 2205 2200 2199 2197 2196 2194 2194 2195 2198 2199 2205 2219 2240 2226 2212 2198 2189 2180 2170 2159 2150 2140 2130 2120 2116 2123 2130 2129 2125 2127 2130 2130 2131 2137 2142 2148 2153 2155 2155
2376 2373 2370 2366 2363 2360 2357 2354 2350 2347 2343 2339 2334 2328 2322 2316 2310 2303 2298 2292 2287 2281 2275 2269 2263 2259 2254 2249 2244 2240 2235 2230 2225 2222 2217 2212 2208 2203 2200 2198 2195 2193 2190 2189 2186 2184 2181 2180 2178 2175 2173 2175 2178 2180 2183 2188 2191 2189 2180 2174 2164 2155 2148 2139 2130 2121 2114 2105 2097 2088 2095 2101 2100 2098 2099 2102 2102 2100 2104 2109 2119 2123 2125 2128
2361 2359 2356 2356 2354 2351 2349 2347 2345 2343 2339 2335 2329 2323 2317 2313 2307 2300 2294 2288 2281 2275 2268 2261 2254 2247 2239 2235 2231 2226 2222 2217 2213 2210 2205 2201 2198 2195 2191 2188 2184 2181 2178 2174 2170 2168 2165 2161 2158 2157 2153 2152 2153 2152 2152 2152 2154 2149 2138 2126 2117 2106 2098 2093 2087 2081 2078 2072 2066 2063 2069 2074 2071 2069 2073 2075 2074 2075 2081 2086 2090 2095 2099 2104
2340 2337 2334 2330 2327 2324 2321 2317 2314 2311 2307 2304 2301 2300 2299 2298 2298 2292 2286 2281 2275 2269 2264 2258 2251 2244 2238 2233 2228 2223 2219 2213 2209 2204 2198 2192 2182 2178 2179 2174 2170 2166 2164 2159 2155 2151 2148 2144 2139 2135 2132 2129 2125 2121 2118 2115 2114 2109 2103 2098 2092 2085 2079 2071 2066 2059 2052 2046 2041 2039 2041 2044 2044 2042 2044 2046 2048 2051 2056 2061 2067 2073 2078 2084
2335 2327 2325 2323 2320 2317 2313 2310 2307 2304 2301 2296 2290 2289 2289 2288 2287 2283 2278 2272 2267 2262 2258 2255 2253 2250 2247 2243 2240 2233 2226 2219 2213 2206 2200 2191 2183 2175 2166 2158 2151 2146 2142 2138 2133 2129 2126 2122 2118 2113 2111 2104 2098 2093 2088 2082 2076 2070 2066 2061 2055 2049 2045 2039 2033 2028 2024 2018 2012 2013 2015 2016 2016 2017 2017 2018 2020 2025 2031 2038 2044 2050 2056 2064
2335 2323 2319 2315 2311 2308 2304 2301 2297 2293 2289 2285 2280 2279 2279 2279 2278 2275 2272 2269 2265 2262 2258 2255 2252 2249 2246 2243 2239 2232 2225 2218 2210 2203 2195 2186 2177 2168 2159 2150 2142 2136 2131 2125 2121 2116 2110 2105 2100 2093 2083 2073 2065 2055 2045 2035 2028 2018 2008 2000 1999 1997 1996 1996 1994 1992 1991 1990 1989 1990 1990 1991 1991 1993 1993 1994 1997 2002 2009 2015 2022 2029 2036 2043
2338 2326 2319 2315 2312 2308 2304 2300 2297 2295 2298 2296 2292 2280 2269 2269 2269 2268 2267 2266 2264 2263 2262 2261 2256 2251 2246 2241 2235 2228 2221 2214 2207 2200 2191 2180 2171 2162 2152 2142 2133 2124 2118 2111 2105 2098 2091 2082 2073 2064 2055 2046 2037 2029 2020 2011 2000 1999 1996 1992 1989 1986 1982 1980 1977 1974 1971 1969 1967 1968 1969 1973 1973 1974 1975 1979 1985 1992 1998 2004 2009 2014 2019 2025
2344 2333 2323 2318 2314 2311 2308 2305 2303 2301 2301 2301 2301 2290 2277 2265 2260 2261 2261 2261 2261 2258 2254 2249 2245 2241 2236 2230 2226 2220 2214 2208 2203 2195 2186 2178 2169 2160 2151 2141 2132 2123 2114 2106 2096 2085 2076 2066 2057 2047 2038 2027 2018 2010 2000 1996 1992 1987 1983 1979 1974 1971 1966 1962 1958 1955 1951 1946 1943 1947 1950 1952 1954 1957 1958 1963 1969 1976 1983 1989 1996 2000 2003 2005
2347 2337 2326 2319 2316 2314 2312 2310 2309 2306 2303 2298 2291 2284 2277 2271 2264 2256 2247 2241 2237 2235 2232 2229 2226 2224 2220 2217 2214 2211 2207 2204 2200 2192 2183 2174 2165 2156 2147 2138 2129 2120 2111 2101 2091 2079 2066 2055 2047 2037 2028 2020 2011 2000 1996 1990 1984 1979 1973 1969 1963 1957 1951 1947 1941 1936 1930 1926 1922 1925 1930 1933 1936 1938 1941 1944 1949 1952 1956 1959 1965 1968 1972 1975
2344 2334 2324 2320 2318 2317 2316 2314 2313 2310 2304 2298 2294 2289 2285 2279 2274 2269 2264 2257 2247 2236 2224 2212 2206 2200 2200 2203 2202 2201 2198 2190 2183 2178 2170 2163 2156 2148 2141 2133 2125 2117 2109 2101 2088 2074 2060 2046 2033 2025 2016 2007 1997 1991 1983 1976 1968 1964 1957 1948 1946 1940 1933 1926 1919 1913 1908 1902 1899 1902 1907 1911 1915 1919 1924 1928 1932 1935 1940 1944 1947 1951 1955 1958
2339 2332 2327 2320 2320 2319 2319 2319 2319 2318 2317 2314 2311 2308 2305 2302 2297 2289 2282 2274 2267 2260 2243 2226 2209 2195 2183 2173 2168 2162 2156 2154 2148 2142 2137 2133 2128 2122 2117 2114 2109 2104 2096 2087 2074 2061 2051 2037 2025 2012 1998 1988 1979 1969 1961 1951 1942 1932 1923 1914 1906 1899 1896 1893 1890 1887 1885 1881 1880 1885 1890 1894 1900 1902 1908 1912 1917 1920 1923 1926 1930 1933 1937 1940
2355 2348 2341 2332 2324 2323 2324 2325 2325 2325 2324 2322 2319 2314 2310 2306 2301 2294 2286 2278 2269 2260 2247 2232 2215 2200 2189 2178 2166 2154 2144 2136 2130 2123 2115 2108 2103 2096 2087 2079 2072 2063 2054 2045 2040 2031 2020 2013 2007 2000 1989 1976 1966 1955 1944 1933 1923 1913 1905 1898 1893 1889 1885 1879 1875 1871 1867 1862 1858 1861 1866 1871 1878 1886 1894 1901 1903 1905 1909 1912 1914 1917 1920 1923
2363 2356 2349 2341 2329 2330 2331 2334 2333 2333 2328 2323 2318 2312 2307 2299 2293 2285 2279 2270 2263 2251 2238 2225 2212 2199 2190 2179 2169 2158 2148 2137 2127 2117 2105 2097 2091 2084 2077 2072 2064 2057 2051 2044 2038 2032 2025 2019 2011 2005 1997 1986 1974 1963 1952 1939 1928 1917 1904 1890 1877 1860 1851 1848 1847 1843 1841 1839 1836 1837 1840 1844 1850 1857 1862 1868 1874 1880 1886 1892 1897 1901 1903 1906
2364 2356 2348 2340 2333 2335 2338 2341 2340 2337 2330 2325 2319 2312 2304 2297 2290 2284 2277 2270 2264 2253 2239 2224 2209 2196 2189 2181 2172 2164 2155 2147 2139 2131 2123 2114 2106 2098 2090 2083 2076 2068 2061 2054 2047 2039 2032 2025 2018 2011 2003 1994 1983 1970 1958 1946 1934 1923 1911 1899 1884 1868 1852 1836 1820 1817 1816 1816 1815 1816 1816 1819 1824 1829 1834 1841 1846 1851 1856 1863 1867 1872 1877 1883
2362 2354 2345 2337 2333 2335 2340 2342 2342 2341 2333 2325 2317 2309 2301 2293 2284 2275 2267 2259 2247 2234 2223 2208 2198 2188 2180 2170 2164 2154 2146 2137 2130 2122 2113 2105 2099 2093 2085 2079 2073 2065 2058 2053 2046 2039 2032 2025 2018 2011 2004 1996 1984 1973 1961 1949 1938 1926 1914 1903 1887 1870 1854 1835 1820 1804 1798 1797 1797 1800 1798 1797 1800 1805 1810 1815 1820 1826 1831 1836 1841 1846 1851 1856
2362 2354 2346 2337 2328 2323 2324 2325 2325 2323 2322 2315 2302 2296 2289 2282 2275 2268 2262 2250 2238 2225 2213 2200 2191 2182 2172 2163 2153 2145 2137 2129 2121 2110 2100 2094 2087 2081 2074 2067 2061 2055 2048 2041 2035 2028 2022 2015 2009 2002 1993 1984 1973 1962 1950 1941 1930 1918 1907 1894 1876 1858 1839 1822 1804 1792 1782 1782 1782 1782 1782 1781 1784 1790 1797 1802 1805 1808 1812 1816 1821 1824 1828 1832
2362 2352 2343 2334 2325 2317 2311 2306 2304 2303 2302 2300 2294 2286 2277 2270 2262 2253 2244 2235 2226 2216 2207 2198 2188 2178 2169 2161 2153 2146 2139 2130 2123 2112 2101 2093 2085 2077 2070 2063 2055 2048 2041 2034 2026 2019 2011 2005 1997 1987 1977 1968 1957 1948 1938 1928 1918 1908 1897 1879 1860 1842 1824 1806 1792 1781 1770 1765 1765 1765 1766 1764 1762 1768 1774 1780 1785 1791 1799 1801 1803 1805 1808 1811
2368 2356 2345 2335 2326 2317 2308 2300 2295 2289 2284 2279 2273 2269 2264 2257 2249 2242 2235 2227 2219 2212 2204 2195 2187 2179 2172 2165 2157 2150 2142 2134 2127 2117 2106 2096 2088 2080 2071 2063 2055 2046 2039 2031 2022 2015 2009 2003 1994 1983 1972 1963 1952 1941 1931 1920 1909 1897 1881 1864 1849 1833 1815 1798 1786 1770 1756 1748 1749 1749 1748 1747 1747 1749 1754 1758 1764 1768 1772 1777 1782 1786 1791 1792
2379 2368 2357 2344 2333 2323 2312 2302 2295 2289 2283 2277 2271 2265 2258 2251 2244 2238 2231 2224 2217 2210 2205 2198 2191 2183 2176 2168 2161 2152 2145 2137 2129 2120 2112 2100 2093 2083 2075 2066 2058 2049 2041 2032 2023 2015 2006 1997 1986 1975 1963 1952 1941 1930 1917 1907 1898 1882 1869 1856 1841 1827 1812 1797 1781 1765 1749 1732 1731 1731 1732 1731 1729 1730 1737 1741 1745 1749 1755 1759 1763 1768 1773 1773
2396 2383 2371 2358 2347 2334 2320 2307 2298 2291 2285 2277 2271 2265 2259 2253 2247 2241 2235 2229 2223 2217 2211 2205 2197 2190 2182 2173 2165 2158 2149 2141 2133 2125 2117 2109 2100 2092 2084 2075 2067 2059 2050 2042 2033 2024 2016 2008 1996 1983 1970 1957 1943 1929 1916 1903 1891 1879 1867 1854 1840 1826 1812 1797 1781 1764 1745 1729 1715 1714 1715 1713 1713 1714 1718 1722 1727 1732 1736 1740 1745 1750 1754 1754
2412 2398 2384 2370 2356 2342 2328 2314 2300 2293 2287 2280 2274 2267 2260 2255 2249 2244 2238 2232 2227 2222 2215 2210 2203 2197 2188 2180 2171 2163 2154 2146 2137 2130 2123 2117 2110 2103 2094 2086 2076 2068 2059 2050 2041 2033 2023 2015 2006 1997 1982 1968 1954 1940 1925 1911 1897 1883 1866 1854 1840 1824 1809 1796 1775 1758 1740 1722 1704 1668 1699 1700 1697 1698 1701 1706 1710 1714 1718 1723 1727 1731 1736 1735
2436 2420 2402 2387 2371 2356 2339 2324 2309 2297 2291 2285 2280 2274 2266 2260 2255 2250 2245 2239 2234 2229 2224 2218 2212 2207 2202 2193 2182 2172 2161 2151 2140 2135 2129 2122 2115 2109 2103 2095 2086 2077 2068 2059 2049 2040 2031 2023 2014 2005 1994 1980 1965 1949 1937 1923 1908 1893 1878 1863 1848 1832 1817 1802 1784 1765 1746 1727 1708 1686 1685 1683 1681 1683 1688 1691 1695 1699 1703 1706 1709 1714 1718 1716
2449 2432 2414 2397 2382 2366 2350 2335 2318 2303 2296 2290 2285 2280 2274 2269 2264 2258 2252 2246 2240 2235 2229 2223 2217 2212 2207 2201 2190 2180 2167 2156 2145 2138 2132 2126 2120 2115 2109 2103 2096 2086 2076 2067 2057 2047 2038 2028 2018 2008 1999 1984 1971 1957 1944 1931 1917 1904 1889 1872 1856 1840 1824 1808 1791 1773 1752 1735 1716 1696 1677 1669 1666 1666 1669 1674 1677 1681 1684 1689 1692 1696 1700 1697
2439 2432 2422 2405 2390 2376 2362 2348 2334 2320 2307 2298 2293 2287 2281 2275 2269 2263 2257 2250 2244 2237 2231 2224 2218 2212 2206 2198 2188 2178 2168 2158 2148 2140 2133 2125 2117 2111 2103 2094 2086 2078 2068 2059 2050 2042 2033 2024 2015 2007 1997 1985 1972 1960 1948 1936 1924 1911 1899 1882 1865 1846 1831 1814 1795 1776 1758 1741 1723 1704 1687 1670 1653 1650 1654 1656 1658 1661 1665 1668 1671 1674 1679 1675
2395 2394 2395 2395 2395 2387 2373 2361 2348 2335 2322 2315 2309 2300 2293 2286 2279 2270 2263 2256 2249 2241 2234 2227 2220 2213 2206 2199 2189 2180 2170 2159 2150 2143 2136 2129 2122 2115 2108 2100 2090 2081 2072 2062 2053 2043 2034 2024 2015 2006 1996 1984 1971 1960 1949 1937 1925 1913 1902 1885 1868 1850 1833 1816 1799 1781 1764 1746 1729 1711 1691 1675 1660 1645 1636 1638 1641 1643 1645 1648 1651 1653 1656 1653
2381 2380 2380 2381 2381 2381 2380 2375 2361 2349 2338 2331 2325 2318 2312 2305 2298 2290 2280 2271 2261 2253 2246 2239 2233 2225 2218 2211 2205 2192 2180 2167 2154 2149 2144 2138 2133 2123 2115 2108 2100 2089 2079 2069 2057 2047 2037 2026 2016 2007 1995 1984 1973 1962 1950 1939 1928 1917 1905 1891 1873 1856 1838 1821 1803 1783 1767 1750 1730 1713 1695 1678 1664 1650 1634 1623 1623 1624 1626 1627 1629 1631 1635 1633
2366 2366 2366 2366 2366 2367 2370 2369 2368 2365 2355 2348 2341 2335 2328 2321 2315 2308 2301 2291 2283 2273 2264 2256 2248 2240 2233 2221 2213 2203 2190 2174 2157 2154 2150 2143 2135 2128 2120 2111 2104 2095 2084 2073 2063 2053 2042 2032 2021 2011 2000 1989 1978 1966 1955 1943 1931 1918 1908 1895 1875 1856 1839 1819 1800 1783 1766 1749 1732 1714 1697 1684 1669 1656 1642 1629 1615 1607 1606 1608 1609 1609 1612 1611
2352 2352 2352 2353 2353 2354 2355 2354 2352 2352 2351 2350 2348 2346 2341 2333 2322 2311 2300 2292 2284 2278 2270 2261 2252 2241 2231 2220 2212 2202 2187 2172 2160 2150 2142 2135 2129 2122 2117 2110 2104 2096 2086 2076 2066 2056 2046 2036 2026 2016 2006 1996 1982 1971 1958 1945 1933 1921 1909 1894 1875 1855 1836 1816 1797 1781 1764 1748 1732 1715 1699 1686 1672 1657 1645 1632 1617 1603 1594 1592 1593 1591 1590 1590
2338 2337 2338 2340 2341 2341 2342 2339 2337 2336 2333 2327 2321 2315 2309 2303 2297 2287 2279 2270 2260 2251 2243 2233 2225 2215 2205 2196 2187 2178 2169 2160 2151 2141 2135 2129 2124 2118 2112 2106 2100 2090 2081 2071 2062 2053 2043 2034 2025 2015 2006 1995 1982 1969 1955 1941 1928 1914 1900 1882 1865 1847 1829 1811 1793 1778 1765 1748 1733 1717 1702 1688 1674 1660 1646 1632 1619 1605 1594 1585 1576 1576 1575 1573
2323 2324 2325 2326 2328 2329 2328 2325 2323 2319 2315 2309 2305 2299 2289 2281 2273 2263 2256 2248 2238 2229 2222 2213 2204 2196 2190 2182 2175 2168 2160 2153 2146 2139 2134 2128 2123 2117 2111 2106 2100 2090 2081 2071 2061 2051 2042 2032 2022 2012 2002 1991 1978 1965 1952 1939 1925 1913 1900 1880 1861 1843 1822 1804 1789 1775 1760 1747 1733 1718 1703 1690 1676 1663 1649 1636 1622 1607 1597 1587 1577 1567 1558 1556
2308 2309 2312 2314 2315 2317 2315 2311 2308 2303 2297 2291 2284 2277 2270 2262 2256 2249 2242 2235 2228 2220 2213 2206 2198 2191 2184 2176 2169 2162 2154 2146 2140 2134 2127 2121 2115 2109 2102 2097 2087 2077 2067 2057 2047 2038 2028 2018 2008 1999 1988 1975 1964 1955 1942 1931 1919 1909 1894 1875 1855 1836 1816 1798 1783 1770 1755 1741 1727 1713 1699 1687 1673 1660 1649 1635 1623 1610 1598 1589 1579 1569 1559 1549
2293 2296 2299 2301 2302 2304 2304 2301 2296 2290 2284 2278 2272 2265 2260 2254 2247 2241 2235 2229 2222 2216 2208 2202 2195 2186 2178 2171 2163 2156 2148 2140 2131 2123 2115 2107 2099 2091 2082 2074 2065 2057 2048 2039 2031 2022 2012 2004 1995 1981 1968 1957 1944 1931 1919 1908 1895 1882 1868 1855 1842 1828 1814 1800 1784 1771 1757 1741 1726 1713 1698 1685 1672 1658 1645 1632 1620 1607 1596 1587 1578 1568 1559 1550
2276 2277 2278 2280 2284 2285 2282 2278 2273 2268 2263 2260 2255 2250 2245 2241 2235 2230 2225 2221 2215 2210 2205 2199 2191 2184 2176 2169 2161 2153 2145 2137 2127 2117 2106 2098 2089 2079 2071 2062 2053 2044 2036 2027 2018 2010 2000 1989 1976 1964 1951 1938 1925 1912 1899 1889 1877 1867 1856 1846 1835 1825 1813 1802 1778 1764 1751 1737 1723 1709 1694 1679 1663 1647 1634 1618 1604 1593 1585 1576 1567 1557 1550 1540
2258 2259 2259 2259 2258 2259 2256 2253 2249 2247 2244 2240 2237 2233 2229 2226 2222 2219 2215 2212 2208 2204 2200 2193 2186 2179 2172 2167 2160 2152 2146 2138 2125 2114 2103 2093 2084 2075 2065 2056 2047 2038 2028 2020 2011 2001 1989 1974 1964 1951 1936 1923 1911 1898 1888 1879 1870 1861 1851 1841 1832 1822 1812 1802 1778 1758 1744 1730 1717 1706 1694 1681 1668 1657 1644 1632 1619 1606 1595 1585 1573 1563 1553 1543
2240 2238 2236 2234 2232 2231 2229 2226 2223 2223 2220 2217 2215 2213 2210 2208 2205 2203 2200 2198 2193 2189 2183 2177 2170 2165 2159 2152 2146 2139 2131 2121 2112 2103 2094 2085 2075 2066 2057 2047 2038 2029 2019 2010 2001 1988 1977 1964 1952 1939 1927 1914 1902 1891 1882 1872 1862 1852 1843 1833 1823 1813 1804 1784 1770 1761 1751 1741 1732 1722 1711 1702 1689 1675 1662 1648 1633 1620 1606 1594 1583 1572 1560 1549
2221 2216 2212 2210 2206 2202 2201 2202 2202 2200 2200 2200 2196 2192 2189 2187 2182 2178 2175 2171 2167 2162 2159 2155 2150 2146 2142 2136 2128 2121 2113 2106 2099 2090 2080 2071 2063 2053 2044 2036 2027 2018 2009 1999 1988 1976 1964 1952 1941 1929 1917 1905 1895 1884 1874 1862 1853 1842 1831 1824 1817 1809 1802 1795 1787 1779 1770 1762 1754 1744 1729 1710 1694 1680 1666 1652 1637 1624 1610 1596 1584 1573 1560 1547
2205 2200 2197 2194 2193 2190 2187 2184 2181 2178 2176 2173 2171 2168 2166 2163 2160 2158 2155 2152 2150 2147 2145 2143 2139 2133 2128 2122 2116 2109 2102 2095 2084 2074 2065 2056 2046 2036 2027 2017 2008 1998 1990 1980 1969 1958 1948 1936 1925 1914 1902 1895 1889 1882 1876 1869 1862 1856 1849 1842 1836 1829 1823 1817 1811 1804 1796 1784 1764 1742 1721 1699 1686 1674 1659 1646 1633 1619 1606 1593 1580 1567 1554 1543
2205 2200 2198 2197 2195 2194 2192 2190 2188 2184 2180 2177 2173 2170 2166 2162 2158 2154 2151 2147 2143 2139 2136 2132 2125 2120 2114 2111 2107 2103 2098 2088 2079 2070 2060 2050 2040 2030 2019 2010 2000 1991 1984 1977 1969 1961 1954 1946 1939 1928 1921 1914 1907 1898 1892 1885 1877 1869 1863 1855 1849 1841 1834 1827 1820 1810 1800 1775 1750 1727 1702 1689 1675 1663 1650 1636 1623 1610 1597 1585 1572 1560 1548 1537
