sample/alps_07.asc
ncols        173
nrows        158
xllcorner    9.301527777778
yllcorner    46.439305555556
cellsize     0.000277777778
NODATA_value -9999
[rows 76 to 113 of 158, columns 84 to 167 of 173]
1519 1508 1494 1477 1481 1486 1501 1521 1541 1560 1579 1598 1619 1639 1656 1678 1698 1713 1727 1742 1757 1766 1774 1784 1793 1801 1804 1810 1815 1816 1813 1809 1806 1805 1806 1807 1813 1817 1820 1820 1821 1821 1822 1823 1823 1824 1824 1825 1825 1827 1828 1828 1829 1828 1822 1824 1826 1829 1831 1832 1835 1837 1840 1848 1857 1862 1866 1869 1873 1877 1880 1881 1884 1886 1888 1890 1892 1894 1897 1899 1900 1900 1900 1900
1517 1506 1490 1469 1479 1479 1494 1515 1535 1553 1575 1595 1615 1635 1655 1675 1696 1713 1729 1745 1762 1778 1795 1805 1812 1820 1823 1824 1826 1825 1824 1820 1818 1822 1827 1832 1836 1835 1834 1831 1830 1829 1828 1827 1826 1825 1824 1824 1823 1822 1822 1821 1821 1820 1820 1823 1826 1829 1831 1834 1837 1840 1847 1854 1860 1864 1868 1873 1876 1880 1882 1884 1885 1887 1889 1891 1893 1894 1896 1898 1899 1898 1900 1900
1514 1505 1491 1478 1464 1471 1490 1500 1521 1544 1566 1589 1609 1627 1646 1664 1683 1701 1720 1738 1759 1778 1795 1812 1822 1829 1834 1836 1836 1836 1840 1840 1840 1840 1840 1840 1840 1840 1837 1835 1832 1829 1827 1824 1822 1828 1828 1826 1825 1823 1822 1820 1820 1819 1819 1820 1824 1828 1833 1837 1841 1847 1853 1859 1863 1868 1871 1875 1880 1881 1882 1884 1885 1887 1888 1890 1891 1892 1894 1895 1897 1898 1900 1900
1510 1500 1489 1479 1467 1464 1481 1491 1506 1527 1547 1569 1592 1611 1634 1660 1682 1702 1727 1751 1774 1800 1810 1821 1835 1840 1840 1840 1840 1840 1840 1840 1840 1840 1840 1840 1840 1838 1835 1832 1829 1826 1823 1820 1820 1825 1825 1823 1823 1820 1818 1817 1817 1818 1819 1822 1827 1832 1837 1842 1848 1854 1860 1863 1867 1871 1874 1878 1880 1882 1883 1884 1885 1887 1889 1890 1891 1893 1894 1896 1897 1899 1900 1900
1504 1495 1485 1474 1465 1457 1471 1484 1495 1510 1528 1546 1564 1583 1602 1628 1655 1681 1708 1736 1763 1789 1808 1820 1840 1840 1840 1838 1834 1837 1840 1840 1840 1840 1840 1838 1835 1831 1829 1826 1823 1820 1820 1820 1820 1820 1822 1820 1817 1813 1813 1815 1816 1818 1821 1826 1831 1836 1841 1848 1854 1860 1864 1866 1870 1874 1878 1880 1881 1882 1883 1884 1885 1886 1887 1888 1889 1889 1890 1891 1892 1893 1894 1895
1497 1487 1478 1469 1460 1452 1463 1474 1486 1497 1514 1532 1550 1568 1586 1604 1626 1645 1666 1689 1718 1748 1785 1807 1821 1834 1833 1826 1820 1825 1836 1840 1840 1840 1837 1833 1830 1826 1822 1820 1820 1819 1819 1818 1818 1818 1817 1814 1812 1815 1819 1821 1820 1819 1824 1829 1835 1840 1848 1854 1860 1863 1867 1870 1874 1877 1880 1881 1882 1883 1884 1885 1886 1887 1888 1888 1889 1890 1891 1892 1893 1894 1895 1896
1490 1481 1473 1465 1457 1447 1456 1467 1479 1490 1502 1526 1546 1565 1588 1606 1622 1638 1654 1670 1686 1704 1738 1771 1795 1801 1807 1806 1806 1816 1827 1840 1840 1836 1831 1826 1822 1820 1819 1819 1818 1817 1817 1816 1816 1816 1813 1810 1816 1823 1830 1824 1820 1822 1828 1833 1839 1846 1854 1860 1864 1867 1871 1875 1878 1880 1882 1883 1884 1886 1887 1888 1888 1890 1891 1892 1892 1893 1894 1896 1897 1896 1896 1897
1483 1476 1468 1460 1453 1447 1452 1463 1473 1485 1495 1511 1532 1552 1572 1592 1610 1623 1637 1650 1666 1679 1693 1722 1771 1783 1788 1793 1797 1802 1820 1830 1827 1824 1822 1817 1813 1813 1813 1812 1812 1813 1812 1812 1812 1812 1810 1811 1815 1821 1819 1819 1820 1826 1832 1838 1844 1851 1857 1863 1867 1872 1877 1880 1880 1881 1882 1883 1883 1881 1880 1880 1880 1883 1886 1889 1892 1896 1899 1900 1900 1900 1900 1900
1479 1472 1465 1458 1451 1444 1443 1453 1462 1471 1482 1491 1502 1519 1537 1556 1574 1591 1607 1622 1637 1652 1666 1681 1697 1729 1764 1784 1790 1797 1807 1820 1819 1814 1808 1804 1800 1801 1801 1803 1804 1805 1805 1806 1807 1807 1808 1810 1812 1814 1816 1818 1822 1830 1836 1842 1847 1853 1857 1863 1869 1874 1880 1880 1880 1881 1881 1880 1880 1879 1880 1880 1882 1886 1891 1895 1898 1900 1900 1900 1900 1900 1900 1900
1481 1474 1466 1458 1450 1444 1435 1444 1452 1462 1473 1483 1491 1503 1521 1538 1555 1572 1589 1605 1620 1636 1651 1666 1681 1696 1727 1764 1784 1791 1798 1808 1808 1804 1799 1799 1800 1800 1800 1801 1801 1802 1803 1804 1805 1805 1808 1810 1812 1815 1816 1818 1826 1836 1841 1846 1850 1855 1859 1861 1863 1865 1867 1869 1871 1872 1873 1875 1877 1880 1883 1886 1889 1893 1896 1900 1900 1900 1900 1900 1900 1900 1900 1900
1489 1480 1471 1464 1455 1446 1435 1432 1442 1452 1462 1473 1483 1493 1505 1526 1546 1566 1586 1605 1619 1634 1648 1665 1678 1692 1718 1748 1779 1784 1790 1796 1797 1792 1792 1800 1800 1800 1801 1801 1802 1802 1802 1803 1803 1805 1807 1810 1813 1815 1818 1825 1834 1841 1844 1847 1851 1854 1857 1860 1863 1865 1868 1871 1872 1875 1878 1881 1883 1886 1888 1890 1892 1895 1898 1900 1900 1900 1900 1900 1900 1900 1900 1900
1495 1484 1475 1465 1456 1447 1436 1427 1435 1446 1455 1465 1475 1484 1494 1511 1531 1555 1579 1601 1613 1629 1644 1660 1675 1689 1709 1743 1772 1781 1784 1789 1789 1786 1795 1800 1800 1800 1801 1801 1801 1801 1802 1802 1802 1805 1808 1811 1814 1818 1823 1830 1838 1842 1846 1849 1852 1856 1859 1863 1867 1871 1874 1878 1883 1890 1898 1900 1895 1896 1896 1896 1897 1897 1898 1898 1899 1899 1899 1900 1900 1900 1900 1900
1502 1491 1480 1469 1459 1448 1437 1427 1429 1438 1449 1457 1467 1478 1487 1497 1509 1524 1538 1553 1567 1581 1594 1614 1642 1671 1700 1738 1767 1779 1781 1781 1781 1784 1790 1795 1800 1800 1800 1800 1800 1800 1800 1800 1800 1803 1807 1811 1815 1819 1825 1832 1838 1844 1849 1854 1859 1863 1867 1870 1874 1877 1882 1887 1893 1899 1900 1900 1892 1896 1894 1894 1897 1896 1897 1898 1898 1899 1900 1901 1903 1905 1900 1899
1507 1495 1483 1472 1459 1448 1436 1424 1422 1430 1439 1450 1460 1470 1480 1491 1500 1514 1529 1545 1558 1573 1589 1608 1632 1662 1690 1723 1758 1768 1770 1772 1776 1781 1785 1789 1793 1797 1800 1800 1800 1800 1800 1800 1799 1801 1806 1810 1815 1819 1824 1830 1835 1840 1846 1852 1858 1863 1867 1871 1875 1880 1885 1890 1896 1900 1900 1895 1889 1892 1892 1893 1895 1895 1896 1898 1897 1898 1900 1900 1914 1911 1900 1899
1513 1502 1489 1477 1464 1452 1439 1427 1414 1425 1435 1445 1455 1465 1476 1485 1496 1511 1526 1542 1558 1574 1590 1608 1632 1654 1676 1700 1729 1760 1762 1764 1772 1780 1782 1785 1787 1790 1793 1795 1798 1798 1797 1796 1798 1802 1806 1811 1815 1820 1826 1831 1837 1842 1847 1852 1858 1863 1868 1873 1878 1880 1881 1882 1883 1884 1885 1886 1888 1889 1890 1891 1892 1893 1894 1895 1896 1897 1898 1899 1920 1921 1900 1898
1515 1504 1489 1474 1458 1442 1427 1413 1405 1415 1425 1434 1445 1455 1466 1477 1487 1497 1513 1530 1549 1566 1584 1602 1624 1644 1665 1688 1713 1748 1761 1756 1767 1778 1781 1783 1785 1787 1789 1791 1793 1795 1794 1795 1798 1803 1807 1812 1817 1822 1829 1836 1842 1845 1850 1854 1858 1863 1870 1876 1880 1881 1881 1882 1883 1884 1884 1885 1887 1888 1888 1889 1890 1891 1892 1893 1895 1896 1896 1897 1899 1902 1898 1898
1516 1503 1488 1471 1451 1434 1416 1400 1401 1411 1420 1429 1439 1448 1458 1467 1477 1486 1496 1510 1529 1547 1568 1584 1603 1629 1652 1675 1698 1729 1739 1744 1763 1775 1780 1781 1782 1784 1786 1787 1788 1789 1790 1795 1799 1804 1810 1815 1821 1828 1835 1840 1844 1848 1851 1855 1859 1865 1872 1878 1880 1881 1882 1882 1883 1884 1885 1885 1886 1887 1887 1888 1889 1890 1890 1891 1892 1893 1893 1894 1895 1896 1896 1897
1516 1503 1486 1468 1450 1433 1415 1398 1398 1407 1416 1425 1434 1444 1453 1461 1471 1480 1489 1499 1516 1534 1552 1570 1588 1608 1631 1657 1680 1702 1716 1731 1753 1770 1780 1780 1781 1782 1783 1784 1785 1786 1791 1796 1801 1807 1813 1819 1825 1832 1840 1843 1846 1849 1852 1856 1860 1865 1873 1880 1880 1881 1882 1883 1883 1884 1885 1886 1886 1887 1888 1889 1889 1890 1891 1892 1892 1893 1894 1895 1895 1896 1897 1897
1515 1499 1482 1464 1447 1428 1413 1396 1391 1401 1410 1420 1429 1438 1447 1456 1466 1476 1485 1494 1506 1524 1540 1557 1574 1592 1615 1638 1661 1688 1706 1721 1743 1761 1771 1778 1780 1780 1781 1781 1781 1786 1791 1796 1802 1810 1816 1823 1829 1835 1840 1844 1847 1850 1853 1857 1860 1867 1873 1880 1880 1881 1882 1883 1883 1884 1885 1886 1887 1887 1888 1889 1890 1890 1891 1892 1893 1894 1894 1895 1896 1896 1897 1898
1511 1494 1478 1460 1443 1426 1409 1394 1384 1391 1398 1408 1418 1428 1438 1448 1458 1468 1479 1488 1498 1515 1531 1546 1564 1581 1598 1621 1645 1670 1694 1713 1732 1750 1764 1773 1780 1780 1780 1780 1779 1783 1789 1794 1797 1811 1821 1826 1830 1835 1840 1842 1844 1845 1848 1850 1860 1866 1873 1880 1881 1881 1882 1883 1884 1885 1886 1887 1888 1889 1890 1891 1892 1892 1893 1894 1895 1896 1897 1898 1899 1900 1900 1900
1506 1490 1474 1457 1440 1424 1407 1393 1381 1382 1389 1397 1406 1417 1426 1437 1448 1459 1469 1480 1490 1500 1518 1536 1554 1571 1588 1604 1627 1652 1674 1700 1719 1737 1757 1766 1775 1780 1775 1771 1778 1784 1789 1795 1802 1820 1822 1826 1828 1831 1834 1837 1840 1840 1840 1840 1854 1866 1876 1880 1881 1882 1883 1884 1885 1885 1886 1887 1888 1889 1890 1891 1892 1893 1894 1895 1896 1896 1897 1898 1899 1901 1903 1905
1500 1485 1469 1453 1437 1418 1405 1391 1380 1374 1382 1390 1397 1407 1417 1427 1437 1449 1461 1474 1486 1498 1518 1539 1559 1582 1602 1620 1641 1660 1680 1700 1715 1731 1747 1761 1766 1766 1763 1771 1778 1785 1791 1797 1810 1820 1822 1824 1826 1828 1830 1832 1834 1836 1838 1839 1847 1860 1873 1881 1884 1886 1889 1891 1894 1896 1899 1900 1900 1900 1897 1892 1892 1893 1894 1895 1896 1897 1898 1898 1900 1903 1906 1909
1494 1480 1463 1447 1432 1412 1400 1390 1378 1366 1374 1383 1391 1400 1412 1424 1437 1450 1461 1474 1487 1500 1518 1540 1560 1580 1600 1618 1637 1655 1674 1692 1709 1722 1735 1749 1759 1756 1762 1770 1780 1786 1793 1798 1815 1821 1822 1824 1825 1827 1829 1830 1832 1832 1833 1835 1837 1848 1858 1863 1867 1871 1876 1880 1886 1894 1900 1900 1900 1900 1900 1894 1893 1894 1895 1895 1897 1898 1898 1899 1901 1904 1908 1911
1488 1472 1457 1441 1426 1406 1397 1386 1374 1363 1366 1375 1386 1395 1405 1418 1431 1443 1456 1468 1481 1493 1511 1532 1554 1575 1595 1614 1631 1648 1666 1684 1700 1712 1722 1732 1743 1747 1757 1769 1780 1783 1786 1796 1810 1820 1821 1822 1824 1825 1826 1828 1829 1828 1826 1825 1824 1833 1843 1859 1864 1868 1872 1876 1882 1895 1900 1900 1900 1900 1900 1896 1892 1895 1896 1895 1898 1899 1898 1900 1903 1906 1908 1911
1481 1465 1449 1433 1425 1400 1391 1380 1369 1360 1361 1370 1380 1389 1398 1410 1422 1435 1448 1460 1474 1487 1500 1522 1544 1569 1589 1609 1626 1642 1657 1674 1690 1703 1712 1721 1730 1737 1745 1760 1776 1781 1779 1787 1800 1807 1814 1820 1821 1823 1824 1825 1824 1822 1820 1816 1819 1821 1830 1840 1860 1865 1871 1876 1885 1897 1905 1904 1903 1902 1901 1898 1892 1897 1897 1895 1899 1900 1902 1904 1906 1907 1909 1911
1474 1459 1443 1427 1422 1397 1387 1376 1365 1355 1353 1365 1373 1382 1391 1400 1413 1427 1441 1454 1469 1482 1496 1513 1533 1554 1574 1594 1611 1627 1643 1660 1676 1692 1704 1710 1717 1724 1736 1749 1763 1770 1774 1777 1788 1802 1809 1815 1820 1821 1822 1821 1818 1813 1810 1806 1809 1814 1821 1832 1844 1862 1870 1877 1889 1901 1907 1910 1908 1905 1903 1900 1893 1898 1898 1895 1900 1901 1903 1904 1906 1907 1909 1910
1471 1456 1441 1426 1419 1397 1386 1375 1363 1353 1342 1360 1368 1376 1385 1395 1405 1419 1433 1447 1461 1476 1490 1505 1524 1542 1561 1579 1598 1616 1630 1645 1662 1679 1693 1702 1706 1715 1725 1736 1750 1761 1766 1771 1777 1789 1802 1807 1811 1814 1813 1810 1807 1803 1800 1798 1797 1800 1810 1821 1835 1850 1864 1875 1888 1901 1904 1908 1906 1905 1903 1901 1897 1899 1899 1899 1900 1901 1902 1903 1904 1905 1906 1907
1471 1456 1442 1425 1415 1398 1384 1372 1359 1347 1335 1347 1363 1370 1377 1385 1391 1396 1405 1427 1445 1464 1482 1501 1521 1538 1554 1574 1592 1607 1619 1632 1644 1657 1670 1683 1695 1700 1714 1723 1730 1736 1751 1762 1768 1774 1780 1795 1803 1804 1804 1802 1800 1797 1793 1789 1789 1792 1799 1809 1820 1834 1847 1861 1874 1889 1901 1904 1904 1903 1902 1901 1901 1899 1896 1895 1893 1895 1894 1894 1896 1900 1901 1903
1470 1454 1440 1425 1411 1396 1383 1369 1355 1342 1332 1339 1357 1364 1369 1374 1377 1383 1390 1397 1413 1435 1460 1482 1505 1524 1542 1561 1580 1600 1612 1624 1637 1649 1661 1674 1685 1692 1699 1706 1714 1722 1731 1740 1754 1762 1770 1776 1785 1789 1792 1791 1789 1787 1785 1782 1780 1780 1787 1795 1805 1820 1832 1843 1854 1865 1882 1901 1899 1895 1892 1892 1889 1885 1882 1880 1880 1879 1881 1883 1886 1890 1893 1896
1464 1450 1436 1422 1406 1393 1378 1363 1348 1333 1331 1341 1348 1354 1361 1363 1364 1369 1378 1387 1396 1413 1438 1462 1485 1507 1528 1549 1571 1591 1607 1622 1635 1648 1661 1672 1677 1682 1688 1693 1700 1707 1714 1722 1737 1747 1756 1764 1769 1775 1780 1781 1780 1779 1776 1776 1774 1773 1772 1780 1790 1801 1813 1826 1837 1850 1861 1866 1872 1877 1877 1875 1874 1873 1871 1870 1870 1869 1871 1873 1875 1877 1879 1884
1455 1441 1426 1412 1400 1383 1367 1352 1337 1320 1335 1342 1344 1347 1350 1353 1354 1356 1362 1374 1387 1397 1421 1448 1473 1496 1524 1549 1575 1600 1611 1624 1636 1649 1661 1665 1670 1675 1680 1684 1690 1696 1702 1711 1722 1733 1742 1750 1758 1763 1768 1764 1765 1767 1768 1768 1767 1765 1762 1772 1780 1789 1800 1810 1821 1832 1842 1850 1860 1862 1864 1865 1864 1862 1861 1859 1857 1858 1860 1863 1866 1868 1872 1876
1448 1434 1420 1406 1391 1376 1360 1345 1330 1315 1340 1340 1341 1341 1342 1342 1343 1348 1356 1367 1381 1394 1412 1436 1461 1485 1510 1537 1564 1591 1608 1620 1631 1643 1652 1661 1664 1668 1671 1676 1680 1685 1692 1700 1708 1716 1730 1741 1746 1752 1757 1759 1759 1760 1761 1760 1759 1758 1756 1759 1769 1780 1788 1797 1807 1817 1825 1832 1841 1843 1847 1851 1850 1847 1844 1842 1843 1847 1852 1856 1860 1864 1868 1871
1443 1428 1415 1399 1384 1367 1351 1334 1319 1317 1338 1340 1341 1341 1339 1334 1335 1339 1350 1361 1373 1387 1400 1424 1448 1472 1496 1522 1550 1574 1600 1612 1623 1633 1641 1646 1649 1653 1657 1661 1667 1673 1678 1690 1701 1709 1717 1737 1743 1746 1749 1752 1753 1755 1756 1754 1753 1751 1751 1756 1761 1767 1774 1781 1789 1797 1805 1814 1821 1824 1827 1830 1833 1835 1836 1837 1839 1840 1843 1847 1850 1852 1855 1858
1436 1421 1406 1391 1377 1361 1346 1332 1315 1304 1304 1319 1320 1321 1322 1325 1329 1334 1340 1353 1365 1378 1390 1407 1432 1456 1484 1510 1537 1565 1592 1607 1616 1624 1636 1642 1645 1649 1652 1655 1659 1664 1671 1680 1692 1702 1712 1722 1731 1739 1743 1745 1748 1750 1750 1748 1745 1743 1744 1748 1752 1756 1761 1768 1776 1782 1788 1794 1799 1805 1811 1816 1821 1825 1829 1833 1837 1841 1843 1846 1848 1850 1853 1855
1427 1413 1398 1384 1375 1363 1350 1338 1327 1314 1302 1299 1300 1305 1310 1316 1321 1328 1334 1342 1356 1369 1382 1395 1415 1442 1468 1496 1526 1557 1588 1603 1610 1618 1629 1640 1643 1646 1649 1652 1655 1658 1665 1675 1684 1694 1704 1716 1723 1728 1733 1739 1742 1745 1745 1742 1740 1740 1741 1745 1748 1751 1754 1758 1761 1767 1773 1780 1786 1793 1800 1820 1823 1827 1831 1834 1838 1841 1842 1844 1846 1848 1849 1851
1416 1402 1387 1375 1360 1350 1341 1333 1324 1316 1307 1300 1296 1298 1301 1307 1314 1321 1328 1335 1343 1360 1373 1387 1402 1429 1454 1483 1507 1530 1556 1580 1602 1612 1622 1629 1640 1642 1646 1649 1652 1655 1659 1668 1678 1688 1698 1709 1720 1724 1728 1733 1737 1740 1741 1739 1740 1740 1741 1744 1747 1750 1753 1755 1758 1762 1768 1774 1780 1788 1795 1813 1823 1827 1831 1835 1838 1842 1845 1846 1849 1851 1860 1851
1404 1393 1384 1373 1366 1357 1348 1338 1329 1319 1312 1306 1301 1293 1296 1299 1306 1313 1320 1328 1335 1344 1362 1379 1394 1417 1443 1468 1493 1512 1532 1549 1569 1588 1604 1615 1622 1626 1630 1634 1639 1646 1654 1664 1676 1685 1695 1705 1716 1722 1725 1728 1731 1735 1736 1738 1739 1739 1742 1744 1747 1750 1753 1755 1758 1763 1769 1776 1782 1788 1795 1812 1823 1828 1832 1837 1842 1847 1853 1858 1860 1860 1860 1860
1411 1401 1392 1382 1374 1364 1355 1346 1335 1324 1317 1310 1304 1298 1290 1293 1297 1301 1310 1318 1327 1335 1347 1360 1383 1407 1430 1453 1475 1488 1500 1524 1547 1571 1595 1609 1618 1623 1628 1632 1637 1641 1650 1658 1670 1682 1691 1700 1710 1720 1722 1724 1726 1729 1731 1734 1736 1738 1740 1744 1747 1750 1753 1756 1759 1766 1773 1780 1785 1790 1796 1808 1822 1826 1830 1834 1838 1843 1850 1856 1860 1860 1860 1860
