sample/alps_07.asc
ncols        173
nrows        158
xllcorner    9.301527777778
yllcorner    46.439305555556
cellsize     0.000277777778
NODATA_value -9999
[rows 0 to 37 of 158, columns 84 to 167 of 173]
1987 1987 1988 1989 1990 1991 1990 1991 1992 1993 1994 1995 1996 1997 1999 2000 2000 2000 2000 2000 1996 1992 1987 1979 1978 1975 1973 1969 1967 1965 1966 1960 1960 1960 1956 1951 1948 1946 1943 1939 1935 1931 1927 1923 1919 1917 1915 1913 1911 1910 1910 1906 1901 1901 1901 1901 1901 1901 1901 1901 1901 1901 1901 1901 1901 1901 1901 1901 1901 1901 1901 1901 1901 1901 1901 1901 1901 1901 1901 1901 1901 1901 1901 1901
1996 1996 1995 1995 1997 1998 1999 2000 2000 2001 2000 2001 2001 2001 2002 2002 2002 2002 2002 2002 2002 2000 1999 1997 1994 1990 1988 1986 1985 1986 1991 1991 1986 1982 1978 1971 1967 1961 1958 1952 1948 1944 1940 1937 1936 1934 1931 1928 1926 1926 1926 1923 1917 1907 1901 1901 1901 1901 1901 1901 1901 1901 1901 1901 1901 1901 1901 1901 1901 1901 1901 1901 1901 1901 1901 1901 1901 1901 1901 1901 1901 1901 1901 1901
2002 2003 2004 2006 2007 2008 2009 2010 2008 2009 2010 2011 2012 2013 2015 2015 2016 2017 2018 2018 2018 2017 2015 2012 2010 2006 2004 2003 2005 2006 2008 2005 2002 1997 1990 1984 1980 1975 1971 1967 1962 1959 1958 1956 1954 1952 1950 1949 1944 1942 1941 1940 1931 1923 1912 1901 1901 1901 1901 1901 1901 1901 1901 1901 1901 1901 1901 1901 1901 1901 1901 1901 1901 1901 1901 1901 1901 1901 1901 1901 1901 1901 1901 1901
2010 2011 2012 2013 2015 2015 2016 2018 2020 2020 2023 2026 2029 2032 2035 2036 2038 2038 2038 2036 2035 2033 2031 2028 2026 2024 2022 2020 2019 2019 2020 2017 2012 2008 2002 1997 1994 1990 1985 1981 1979 1977 1975 1974 1972 1970 1967 1965 1963 1961 1958 1952 1945 1937 1927 1918 1911 1904 1901 1901 1901 1901 1901 1901 1901 1901 1901 1901 1901 1901 1901 1901 1901 1901 1901 1901 1901 1901 1901 1901 1901 1901 1901 1901
2017 2018 2020 2022 2025 2028 2030 2033 2036 2040 2042 2044 2046 2047 2050 2052 2054 2054 2052 2050 2047 2045 2044 2042 2040 2038 2035 2032 2031 2032 2032 2028 2024 2021 2017 2012 2006 2001 1999 1997 1994 1992 1987 1985 1983 1981 1977 1974 1971 1968 1964 1962 1955 1945 1938 1933 1929 1922 1918 1917 1912 1906 1901 1901 1901 1901 1901 1901 1901 1901 1901 1901 1901 1901 1901 1901 1901 1901 1901 1901 1901 1901 1901 1901
2030 2032 2034 2035 2037 2040 2044 2046 2050 2055 2056 2060 2061 2063 2063 2064 2065 2066 2065 2065 2066 2065 2063 2061 2060 2056 2050 2046 2045 2046 2045 2043 2039 2035 2031 2027 2022 2018 2014 2009 2004 2000 1998 1996 1993 1991 1988 1985 1983 1980 1976 1969 1963 1957 1950 1941 1938 1934 1930 1926 1923 1917 1908 1901 1901 1901 1901 1901 1901 1901 1901 1901 1901 1901 1901 1901 1901 1901 1901 1901 1901 1901 1901 1901
2040 2042 2045 2048 2050 2053 2057 2060 2061 2064 2066 2069 2070 2073 2075 2076 2076 2075 2076 2077 2078 2077 2074 2072 2071 2069 2067 2065 2063 2062 2061 2060 2058 2053 2046 2041 2038 2032 2028 2025 2024 2020 2016 2012 2007 2002 1998 1995 1992 1989 1986 1983 1980 1971 1965 1959 1952 1945 1938 1933 1928 1923 1916 1905 1901 1901 1901 1901 1901 1901 1901 1901 1901 1901 1901 1901 1901 1901 1901 1901 1901 1901 1901 1901
2056 2059 2060 2062 2065 2067 2068 2070 2073 2075 2077 2080 2080 2082 2084 2085 2085 2086 2087 2088 2088 2088 2088 2088 2087 2086 2086 2084 2084 2084 2082 2080 2076 2071 2066 2060 2053 2046 2039 2037 2039 2034 2026 2019 2015 2012 2010 2007 2004 2000 1998 1994 1990 1986 1982 1976 1966 1956 1949 1941 1935 1929 1923 1915 1906 1901 1901 1901 1901 1901 1901 1901 1901 1901 1901 1901 1901 1901 1901 1901 1901 1901 1901 1901
2071 2074 2077 2080 2082 2084 2085 2087 2087 2087 2086 2088 2090 2091 2093 2095 2097 2100 2100 2101 2101 2101 2102 2102 2103 2101 2102 2103 2105 2104 2102 2099 2094 2087 2083 2077 2067 2058 2052 2049 2050 2040 2036 2032 2032 2032 2030 2029 2029 2027 2023 2021 2015 2007 1999 1990 1982 1972 1959 1953 1947 1940 1932 1924 1915 1905 1901 1901 1901 1901 1901 1901 1901 1901 1901 1901 1901 1901 1901 1901 1901 1901 1901 1901
2080 2084 2087 2091 2093 2095 2098 2098 2098 2098 2098 2098 2099 2100 2103 2105 2109 2112 2115 2114 2113 2111 2113 2114 2117 2120 2120 2120 2120 2118 2111 2105 2099 2093 2088 2083 2077 2070 2065 2064 2063 2056 2057 2060 2060 2060 2057 2054 2049 2044 2039 2033 2024 2017 2009 2001 1993 1985 1976 1966 1957 1950 1944 1935 1925 1916 1904 1901 1901 1901 1901 1901 1901 1901 1901 1901 1901 1901 1901 1901 1901 1901 1901 1901
2096 2099 2100 2102 2104 2105 2107 2108 2108 2108 2109 2111 2113 2115 2117 2120 2123 2126 2129 2127 2125 2123 2125 2127 2127 2126 2124 2123 2121 2120 2115 2110 2105 2100 2097 2092 2087 2080 2077 2079 2083 2085 2087 2085 2083 2081 2074 2070 2065 2060 2052 2046 2042 2038 2030 2021 2011 2001 1991 1980 1970 1961 1953 1944 1937 1925 1913 1901 1901 1901 1901 1901 1901 1901 1901 1901 1901 1901 1901 1901 1901 1901 1901 1901
2106 2108 2110 2111 2113 2115 2117 2118 2121 2121 2124 2127 2130 2132 2135 2138 2144 2143 2144 2144 2144 2143 2144 2144 2144 2141 2139 2137 2134 2131 2129 2127 2123 2121 2120 2115 2108 2103 2098 2094 2094 2097 2099 2096 2092 2088 2084 2080 2080 2080 2071 2063 2055 2047 2038 2030 2019 2009 2000 1991 1983 1974 1965 1955 1944 1932 1922 1907 1901 1901 1901 1901 1901 1901 1901 1901 1901 1901 1901 1901 1901 1901 1901 1901
2124 2127 2129 2130 2131 2133 2135 2136 2138 2140 2144 2146 2150 2154 2159 2162 2167 2168 2165 2165 2164 2163 2162 2158 2157 2155 2152 2150 2148 2148 2145 2143 2140 2138 2134 2131 2125 2122 2120 2120 2116 2113 2111 2111 2110 2109 2107 2103 2097 2093 2087 2079 2067 2057 2046 2034 2024 2013 2003 1995 1987 1980 1969 1959 1946 1934 1920 1908 1901 1901 1901 1901 1901 1901 1901 1901 1901 1901 1901 1901 1901 1901 1901 1901
2136 2137 2138 2140 2142 2143 2146 2149 2158 2162 2167 2171 2174 2178 2183 2188 2192 2189 2186 2180 2177 2174 2171 2167 2166 2167 2166 2164 2162 2165 2160 2156 2151 2150 2148 2146 2140 2138 2135 2133 2131 2127 2123 2123 2123 2122 2122 2121 2118 2109 2102 2092 2081 2068 2056 2045 2033 2022 2009 1999 1990 1980 1967 1956 1942 1930 1916 1901 1901 1901 1901 1901 1901 1901 1901 1901 1901 1901 1901 1901 1901 1901 1901 1901
2149 2150 2151 2154 2156 2159 2160 2165 2170 2173 2178 2182 2184 2193 2201 2206 2202 2199 2194 2180 2179 2177 2176 2176 2176 2178 2180 2177 2176 2181 2175 2168 2162 2161 2161 2158 2155 2152 2149 2146 2143 2140 2141 2140 2135 2130 2127 2125 2124 2114 2103 2092 2081 2068 2057 2047 2035 2023 2012 2000 1988 1976 1964 1952 1940 1929 1917 1905 1901 1901 1901 1901 1901 1901 1901 1901 1901 1901 1901 1901 1901 1901 1901 1901
2161 2163 2165 2168 2171 2173 2175 2176 2181 2186 2189 2192 2197 2205 2213 2208 2203 2200 2197 2196 2196 2195 2193 2192 2195 2193 2194 2192 2193 2193 2180 2177 2173 2171 2171 2171 2168 2163 2160 2157 2153 2149 2151 2149 2140 2135 2133 2134 2132 2121 2109 2096 2086 2076 2066 2055 2045 2031 2017 2002 1990 1979 1967 1956 1947 1938 1926 1917 1905 1901 1901 1901 1901 1901 1901 1901 1901 1901 1901 1901 1901 1901 1901 1901
2173 2176 2178 2181 2182 2185 2188 2187 2191 2196 2200 2205 2211 2218 2217 2213 2210 2207 2204 2203 2205 2205 2205 2205 2206 2205 2204 2204 2204 2204 2201 2195 2186 2183 2183 2184 2180 2176 2172 2168 2165 2160 2161 2159 2149 2143 2144 2144 2139 2130 2120 2110 2099 2089 2077 2062 2047 2031 2017 2002 1989 1978 1964 1954 1946 1937 1929 1920 1909 1901 1901 1901 1901 1901 1901 1901 1901 1901 1901 1901 1901 1901 1901 1901
2186 2188 2191 2192 2194 2196 2197 2199 2203 2209 2215 2220 2226 2228 2224 2221 2219 2217 2216 2216 2217 2219 2219 2216 2214 2214 2213 2212 2212 2211 2207 2203 2201 2201 2201 2197 2192 2188 2183 2178 2174 2171 2172 2172 2168 2163 2157 2151 2146 2141 2132 2120 2107 2093 2080 2064 2049 2034 2020 2005 1991 1980 1966 1954 1943 1931 1918 1906 1901 1901 1901 1901 1901 1901 1901 1901 1901 1901 1901 1901 1901 1901 1901 1901
2196 2199 2204 2201 2206 2211 2216 2216 2221 2226 2231 2236 2240 2241 2239 2237 2236 2234 2234 2235 2236 2236 2233 2231 2230 2227 2225 2224 2222 2219 2217 2215 2214 2215 2213 2209 2205 2201 2197 2193 2186 2184 2184 2184 2181 2175 2167 2160 2152 2141 2129 2117 2105 2092 2078 2064 2050 2036 2021 2007 1994 1983 1970 1956 1940 1924 1910 1901 1901 1901 1901 1901 1901 1901 1901 1901 1901 1901 1901 1901 1901 1901 1901 1901
2207 2215 2222 2225 2229 2233 2237 2234 2239 2244 2249 2252 2254 2255 2255 2253 2253 2253 2253 2252 2253 2254 2253 2251 2249 2247 2242 2240 2237 2235 2231 2228 2227 2228 2224 2220 2217 2215 2211 2209 2205 2203 2200 2191 2182 2174 2165 2155 2146 2136 2126 2116 2106 2094 2080 2066 2050 2037 2024 2010 1996 1984 1972 1956 1941 1926 1911 1901 1901 1901 1901 1901 1901 1901 1901 1901 1901 1901 1901 1901 1901 1901 1901 1901
2230 2234 2240 2243 2247 2250 2254 2252 2257 2262 2266 2267 2270 2269 2270 2271 2270 2272 2271 2272 2271 2272 2272 2271 2269 2266 2263 2260 2258 2255 2251 2249 2246 2242 2240 2236 2232 2227 2221 2217 2212 2206 2201 2192 2182 2173 2163 2153 2143 2134 2125 2114 2104 2094 2079 2066 2052 2039 2026 2012 1999 1987 1974 1960 1947 1933 1919 1906 1901 1901 1901 1901 1901 1901 1901 1901 1901 1901 1901 1901 1901 1901 1901 1901
2248 2252 2257 2260 2263 2267 2270 2272 2274 2280 2283 2285 2287 2288 2288 2289 2290 2292 2291 2291 2289 2290 2290 2290 2290 2288 2286 2283 2279 2276 2274 2270 2262 2255 2248 2240 2236 2233 2229 2226 2223 2217 2205 2194 2184 2175 2165 2155 2146 2136 2126 2116 2106 2096 2083 2070 2057 2043 2031 2018 2005 1990 1979 1966 1951 1939 1927 1913 1901 1901 1901 1901 1901 1901 1901 1901 1901 1901 1901 1901 1901 1901 1901 1901
2266 2270 2274 2277 2280 2284 2287 2291 2293 2298 2300 2302 2304 2306 2307 2309 2311 2313 2313 2315 2317 2317 2314 2314 2313 2313 2310 2309 2304 2297 2290 2283 2276 2266 2257 2249 2242 2236 2231 2226 2222 2215 2208 2202 2193 2183 2173 2162 2152 2142 2132 2121 2111 2101 2090 2077 2064 2052 2039 2025 2012 2000 1989 1976 1960 1947 1933 1920 1907 1901 1901 1901 1901 1901 1901 1901 1901 1901 1901 1901 1901 1901 1901 1901
2284 2288 2292 2296 2300 2304 2309 2309 2311 2314 2317 2321 2323 2326 2329 2333 2334 2337 2341 2344 2345 2344 2343 2340 2338 2338 2333 2325 2319 2311 2304 2296 2288 2279 2270 2261 2254 2246 2238 2231 2225 2218 2214 2211 2207 2204 2200 2187 2175 2161 2148 2136 2123 2110 2098 2085 2072 2060 2048 2036 2022 2010 1998 1986 1971 1955 1942 1928 1914 1901 1901 1901 1901 1901 1901 1901 1901 1901 1901 1901 1901 1901 1901 1901
2300 2305 2311 2317 2323 2330 2334 2335 2340 2345 2349 2353 2357 2356 2360 2361 2365 2366 2369 2373 2376 2372 2370 2368 2364 2356 2349 2341 2333 2326 2319 2310 2303 2295 2285 2275 2266 2258 2251 2243 2238 2236 2233 2228 2225 2221 2214 2207 2200 2187 2173 2160 2148 2135 2121 2108 2096 2083 2069 2055 2038 2026 2012 1998 1982 1968 1952 1937 1921 1909 1901 1901 1901 1901 1901 1901 1901 1901 1901 1901 1901 1901 1901 1901
2321 2328 2335 2340 2347 2354 2361 2362 2370 2380 2387 2387 2392 2392 2395 2395 2397 2397 2400 2402 2402 2398 2394 2386 2379 2371 2363 2356 2349 2340 2332 2325 2318 2310 2301 2292 2282 2277 2273 2269 2266 2263 2259 2255 2249 2244 2240 2229 2218 2209 2200 2188 2175 2163 2149 2135 2123 2112 2096 2080 2064 2048 2030 2014 1997 1980 1964 1948 1932 1917 1906 1901 1901 1901 1901 1901 1901 1901 1901 1901 1901 1901 1901 1901
2343 2350 2357 2365 2373 2381 2388 2394 2402 2412 2420 2420 2422 2424 2427 2425 2427 2427 2425 2422 2421 2418 2412 2406 2400 2392 2384 2374 2365 2357 2348 2340 2332 2324 2316 2308 2300 2293 2286 2280 2275 2270 2265 2260 2254 2249 2243 2234 2225 2215 2205 2194 2182 2168 2155 2142 2128 2115 2102 2091 2076 2061 2045 2027 2012 1995 1975 1957 1940 1925 1912 1901 1901 1901 1901 1901 1901 1901 1901 1901 1901 1901 1901 1901
2369 2375 2383 2391 2398 2404 2414 2423 2431 2437 2441 2444 2446 2446 2447 2448 2449 2451 2455 2453 2449 2447 2444 2442 2426 2414 2404 2396 2387 2379 2371 2362 2353 2344 2333 2322 2311 2300 2292 2286 2279 2273 2267 2260 2255 2249 2244 2237 2228 2218 2206 2194 2182 2169 2156 2144 2131 2118 2106 2093 2080 2067 2054 2039 2024 2011 1990 1965 1947 1929 1915 1902 1901 1901 1901 1901 1901 1901 1901 1901 1901 1901 1901 1901
2387 2396 2402 2408 2411 2413 2415 2420 2422 2425 2425 2427 2430 2436 2445 2451 2458 2465 2465 2464 2463 2462 2461 2460 2445 2433 2418 2404 2393 2383 2372 2363 2353 2342 2332 2323 2311 2301 2293 2286 2279 2273 2267 2261 2255 2250 2244 2237 2227 2217 2204 2192 2181 2169 2155 2143 2132 2118 2105 2093 2080 2067 2054 2041 2028 2015 2002 1976 1957 1937 1918 1904 1901 1901 1901 1901 1901 1901 1901 1901 1901 1901 1901 1901
2394 2398 2400 2400 2399 2398 2397 2398 2404 2406 2407 2406 2402 2414 2423 2428 2432 2436 2443 2444 2444 2445 2449 2445 2439 2428 2416 2403 2392 2382 2372 2362 2352 2342 2332 2322 2312 2302 2294 2286 2278 2272 2265 2258 2252 2246 2239 2229 2220 2206 2194 2184 2172 2161 2150 2139 2127 2116 2105 2092 2079 2065 2052 2038 2025 2011 1997 1975 1957 1940 1919 1901 1901 1901 1901 1901 1901 1901 1901 1901 1901 1901 1901 1901
2369 2370 2371 2371 2371 2369 2367 2366 2370 2373 2376 2377 2374 2384 2395 2404 2403 2407 2413 2411 2408 2402 2397 2399 2408 2416 2414 2402 2391 2381 2371 2361 2351 2341 2330 2321 2311 2300 2293 2286 2277 2269 2260 2255 2246 2239 2230 2220 2207 2196 2185 2175 2164 2154 2143 2132 2121 2111 2100 2086 2073 2060 2045 2032 2020 2006 1989 1969 1949 1930 1913 1901 1901 1901 1901 1901 1901 1901 1901 1901 1901 1901 1901 1901
2346 2345 2347 2345 2342 2339 2338 2336 2334 2337 2343 2346 2344 2352 2364 2373 2371 2376 2388 2389 2383 2379 2373 2371 2378 2387 2395 2397 2388 2377 2369 2360 2350 2340 2330 2320 2310 2300 2293 2285 2276 2266 2257 2249 2241 2231 2221 2210 2198 2187 2174 2165 2153 2141 2131 2119 2108 2096 2084 2071 2058 2045 2032 2019 2007 1992 1976 1961 1941 1920 1908 1901 1901 1901 1901 1901 1901 1901 1901 1901 1901 1901 1901 1901
2322 2321 2319 2316 2314 2310 2307 2300 2300 2305 2309 2315 2316 2323 2329 2338 2339 2346 2356 2362 2356 2350 2344 2341 2345 2355 2364 2373 2380 2373 2364 2355 2346 2337 2328 2319 2310 2301 2293 2284 2273 2262 2252 2244 2234 2221 2210 2199 2187 2175 2163 2151 2139 2127 2116 2104 2092 2079 2067 2055 2042 2029 2018 2004 1992 1980 1968 1949 1925 1910 1901 1901 1901 1901 1901 1901 1901 1901 1901 1901 1901 1901 1901 1901
2300 2300 2293 2289 2285 2282 2278 2277 2276 2279 2282 2287 2290 2293 2296 2300 2307 2315 2325 2336 2330 2323 2316 2314 2314 2321 2334 2343 2348 2353 2356 2347 2339 2331 2323 2315 2307 2297 2288 2277 2266 2256 2247 2235 2223 2210 2198 2185 2174 2161 2149 2136 2124 2112 2099 2087 2077 2065 2052 2041 2030 2017 2005 1992 1980 1968 1949 1926 1907 1901 1901 1901 1901 1901 1901 1901 1901 1901 1901 1901 1901 1901 1901 1901
2273 2271 2266 2262 2258 2255 2251 2250 2251 2257 2262 2267 2271 2277 2281 2285 2290 2295 2299 2305 2305 2300 2295 2290 2285 2291 2303 2311 2317 2321 2325 2323 2320 2316 2312 2307 2298 2283 2275 2267 2259 2250 2241 2227 2212 2198 2186 2173 2159 2146 2133 2121 2108 2095 2084 2074 2061 2050 2039 2027 2016 2005 1990 1969 1952 1939 1920 1905 1901 1901 1901 1901 1901 1901 1901 1901 1901 1901 1901 1901 1901 1901 1901 1901
2243 2242 2239 2236 2232 2227 2223 2226 2229 2233 2237 2242 2247 2251 2255 2261 2265 2269 2274 2278 2281 2275 2271 2264 2257 2252 2246 2258 2275 2287 2284 2280 2280 2277 2274 2272 2273 2269 2260 2252 2245 2236 2225 2211 2198 2184 2172 2157 2144 2131 2117 2105 2091 2077 2063 2050 2036 2022 2009 1997 1985 1974 1959 1949 1938 1924 1910 1901 1901 1901 1901 1901 1901 1901 1901 1901 1901 1901 1901 1901 1901 1901 1901 1901
2209 2214 2214 2210 2206 2203 2200 2200 2206 2210 2213 2217 2221 2225 2228 2232 2236 2239 2245 2249 2252 2247 2242 2234 2227 2219 2216 2209 2208 2226 2245 2254 2251 2246 2243 2237 2232 2227 2224 2218 2210 2199 2191 2180 2169 2159 2148 2136 2125 2114 2103 2090 2076 2061 2045 2033 2019 2003 1991 1980 1970 1960 1951 1941 1929 1918 1908 1900 1900 1900 1900 1900 1901 1901 1901 1901 1901 1901 1901 1901 1901 1901 1901 1901
2183 2187 2190 2187 2183 2179 2174 2176 2181 2184 2188 2191 2196 2199 2200 2204 2209 2212 2216 2219 2224 2224 2216 2208 2200 2195 2190 2185 2180 2184 2205 2221 2225 2221 2215 2212 2207 2202 2194 2187 2178 2168 2158 2147 2137 2129 2119 2109 2100 2089 2078 2066 2053 2042 2029 2017 2005 1994 1984 1974 1964 1955 1947 1938 1927 1916 1906 1898 1894 1889 1885 1880 1884 1894 1900 1901 1901 1901 1901 1901 1901 1901 1901 1901
